0.00000000 -0.00487943
0.00125156 0.00595004
0.00250313 0.01669581
0.00375469 0.02735809
0.00500626 0.03793710
0.00625782 0.04843306
0.00750939 0.05884617
0.00876095 0.06917665
0.01001252 0.07942472
0.01126408 0.08959058
0.01251564 0.09967446
0.01376721 0.10967657
0.01501877 0.11959711
0.01627034 0.12943632
0.01752190 0.13919439
0.01877347 0.14887155
0.02002503 0.15846801
0.02127660 0.16798398
0.02252816 0.17741967
0.02377972 0.18677531
0.02503129 0.19605111
0.02628285 0.20524727
0.02753442 0.21436402
0.02878598 0.22340156
0.03003755 0.23236012
0.03128911 0.24123990
0.03254068 0.25004112
0.03379224 0.25876400
0.03504380 0.26740875
0.03629537 0.27597558
0.03754693 0.28446471
0.03879850 0.29287635
0.04005006 0.30121071
0.04130163 0.30946802
0.04255319 0.31764848
0.04380476 0.32575231
0.04505632 0.33377972
0.04630788 0.34173093
0.04755945 0.34960615
0.04881101 0.35740559
0.05006258 0.36512947
0.05131414 0.37277801
0.05256571 0.38035141
0.05381727 0.38784990
0.05506884 0.39527368
0.05632040 0.40262298
0.05757196 0.40989799
0.05882353 0.41709895
0.06007509 0.42422606
0.06132666 0.43127954
0.06257822 0.43825960
0.06382979 0.44516645
0.06508135 0.45200032
0.06633292 0.45876140
0.06758448 0.46544993
0.06883605 0.47206611
0.07008761 0.47861015
0.07133917 0.48508228
0.07259074 0.49148270
0.07384230 0.49781163
0.07509387 0.50406929
0.07634543 0.51025588
0.07759700 0.51637162
0.07884856 0.52241673
0.08010013 0.52839142
0.08135169 0.53429591
0.08260325 0.54013040
0.08385482 0.54589512
0.08510638 0.55159027
0.08635795 0.55721607
0.08760951 0.56277274
0.08886108 0.56826049
0.09011264 0.57367954
0.09136421 0.57903009
0.09261577 0.58431236
0.09386733 0.58952657
0.09511890 0.59467293
0.09637046 0.59975166
0.09762203 0.60476296
0.09887359 0.60970706
0.10012516 0.61458417
0.10137672 0.61939449
0.10262829 0.62413826
0.10387985 0.62881567
0.10513141 0.63342695
0.10638298 0.63797231
0.10763454 0.64245195
0.10888611 0.64686611
0.11013767 0.65121499
0.11138924 0.65549880
0.11264080 0.65971776
0.11389237 0.66387209
0.11514393 0.66796199
0.11639549 0.67198769
0.11764706 0.67594939
0.11889862 0.67984731
0.12015019 0.68368167
0.12140175 0.68745268
0.12265332 0.69116055
0.12390488 0.69480549
0.12515645 0.69838773
0.12640801 0.70190748
0.12765957 0.70536494
0.12891114 0.70876034
0.13016270 0.71209388
0.13141427 0.71536579
0.13266583 0.71857628
0.13391740 0.72172556
0.13516896 0.72481384
0.13642053 0.72784134
0.13767209 0.73080828
0.13892365 0.73371486
0.14017522 0.73656130
0.14142678 0.73934782
0.14267835 0.74207464
0.14392991 0.74474195
0.14518148 0.74734999
0.14643304 0.74989895
0.14768461 0.75238907
0.14893617 0.75482055
0.15018773 0.75719360
0.15143930 0.75950844
0.15269086 0.76176529
0.15394243 0.76396435
0.15519399 0.76610585
0.15644556 0.76818999
0.15769712 0.77021699
0.15894869 0.77218707
0.16020025 0.77410044
0.16145181 0.77595731
0.16270338 0.77775790
0.16395494 0.77950242
0.16520651 0.78119109
0.16645807 0.78282411
0.16770964 0.78440172
0.16896120 0.78592411
0.17021277 0.78739150
0.17146433 0.78880411
0.17271589 0.79016215
0.17396746 0.79146584
0.17521902 0.79271538
0.17647059 0.79391100
0.17772215 0.79505291
0.17897372 0.79614132
0.18022528 0.79717645
0.18147685 0.79815851
0.18272841 0.79908771
0.18397997 0.79996427
0.18523154 0.80078841
0.18648310 0.80156033
0.18773467 0.80228025
0.18898623 0.80294839
0.19023780 0.80356496
0.19148936 0.80413018
0.19274093 0.80464425
0.19399249 0.80510740
0.19524406 0.80551983
0.19649562 0.80588176
0.19774718 0.80619341
0.19899875 0.80645499
0.20025031 0.80666671
0.20150188 0.80682879
0.20275344 0.80694144
0.20400501 0.80700488
0.20525657 0.80701932
0.20650814 0.80698497
0.20775970 0.80690205
0.20901126 0.80677078
0.21026283 0.80659136
0.21151439 0.80636402
0.21276596 0.80608896
0.21401752 0.80576639
0.21526909 0.80539655
0.21652065 0.80497963
0.21777222 0.80451586
0.21902378 0.80400544
0.22027534 0.80344859
0.22152691 0.80284553
0.22277847 0.80219646
0.22403004 0.80150161
0.22528160 0.80076119
0.22653317 0.79997541
0.22778473 0.79914449
0.22903630 0.79826863
0.23028786 0.79734807
0.23153942 0.79638300
0.23279099 0.79537364
0.23404255 0.79432021
0.23529412 0.79322292
0.23654568 0.79208199
0.23779725 0.79089762
0.23904881 0.78967004
0.24030038 0.78839946
0.24155194 0.78708609
0.24280350 0.78573015
0.24405507 0.78433185
0.24530663 0.78289140
0.24655820 0.78140902
0.24780976 0.77988493
0.24906133 0.77831933
0.25031289 0.77671245
0.25156446 0.77506449
0.25281602 0.77337567
0.25406758 0.77164621
0.25531915 0.76987631
0.25657071 0.76806620
0.25782228 0.76621608
0.25907384 0.76432618
0.26032541 0.76239670
0.26157697 0.76042786
0.26282854 0.75841987
0.26408010 0.75637296
0.26533166 0.75428732
0.26658323 0.75216318
0.26783479 0.75000075
0.26908636 0.74780025
0.27033792 0.74556188
0.27158949 0.74328587
0.27284105 0.74097243
0.27409262 0.73862177
0.27534418 0.73623410
0.27659574 0.73380964
0.27784731 0.73134861
0.27909887 0.72885122
0.28035044 0.72631767
0.28160200 0.72374820
0.28285357 0.72114301
0.28410513 0.71850231
0.28535670 0.71582632
0.28660826 0.71311525
0.28785982 0.71036933
0.28911139 0.70758875
0.29036295 0.70477374
0.29161452 0.70192451
0.29286608 0.69904128
0.29411765 0.69612425
0.29536921 0.69317365
0.29662078 0.69018969
0.29787234 0.68717257
0.29912390 0.68412253
0.30037547 0.68103976
0.30162703 0.67792449
0.30287860 0.67477692
0.30413016 0.67159728
0.30538173 0.66838577
0.30663329 0.66514262
0.30788486 0.66186803
0.30913642 0.65856221
0.31038798 0.65522540
0.31163955 0.65185779
0.31289111 0.64845960
0.31414268 0.64503105
0.31539424 0.64157235
0.31664581 0.63808371
0.31789737 0.63456535
0.31914894 0.63101749
0.32040050 0.62744033
0.32165207 0.62383409
0.32290363 0.62019899
0.32415519 0.61653524
0.32540676 0.61284305
0.32665832 0.60912264
0.32790989 0.60537422
0.32916145 0.60159801
0.33041302 0.59779422
0.33166458 0.59396307
0.33291615 0.59010476
0.33416771 0.58621952
0.33541927 0.58230755
0.33667084 0.57836908
0.33792240 0.57440431
0.33917397 0.57041346
0.34042553 0.56639675
0.34167710 0.56235439
0.34292866 0.55828658
0.34418023 0.55419356
0.34543179 0.55007553
0.34668335 0.54593270
0.34793492 0.54176529
0.34918648 0.53757351
0.35043805 0.53335759
0.35168961 0.52911772
0.35294118 0.52485413
0.35419274 0.52056704
0.35544431 0.51625664
0.35669587 0.51192317
0.35794743 0.50756683
0.35919900 0.50318783
0.36045056 0.49878640
0.36170213 0.49436275
0.36295369 0.48991708
0.36420526 0.48544962
0.36545682 0.48096057
0.36670839 0.47645016
0.36795995 0.47191860
0.36921151 0.46736609
0.37046308 0.46279287
0.37171464 0.45819913
0.37296621 0.45358509
0.37421777 0.44895098
0.37546934 0.44429699
0.37672090 0.43962335
0.37797247 0.43493027
0.37922403 0.43021797
0.38047559 0.42548665
0.38172716 0.42073654
0.38297872 0.41596785
0.38423029 0.41118078
0.38548185 0.40637556
0.38673342 0.40155241
0.38798498 0.39671152
0.38923655 0.39185313
0.39048811 0.38697743
0.39173967 0.38208466
0.39299124 0.37717501
0.39424280 0.37224871
0.39549437 0.36730597
0.39674593 0.36234700
0.39799750 0.35737202
0.39924906 0.35238124
0.40050063 0.34737488
0.40175219 0.34235314
0.40300375 0.33731626
0.40425532 0.33226443
0.40550688 0.32719787
0.40675845 0.32211680
0.40801001 0.31702143
0.40926158 0.31191198
0.41051314 0.30678866
0.41176471 0.30165168
0.41301627 0.29650126
0.41426783 0.29133761
0.41551940 0.28616095
0.41677096 0.28097148
0.41802253 0.27576944
0.41927409 0.27055502
0.42052566 0.26532845
0.42177722 0.26008993
0.42302879 0.25483968
0.42428035 0.24957792
0.42553191 0.24430487
0.42678348 0.23902072
0.42803504 0.23372570
0.42928661 0.22842003
0.43053817 0.22310391
0.43178974 0.21777757
0.43304130 0.21244121
0.43429287 0.20709505
0.43554443 0.20173930
0.43679599 0.19637418
0.43804756 0.19099990
0.43929912 0.18561668
0.44055069 0.18022473
0.44180225 0.17482427
0.44305382 0.16941550
0.44430538 0.16399865
0.44555695 0.15857392
0.44680851 0.15314154
0.44806008 0.14770171
0.44931164 0.14225465
0.45056320 0.13680057
0.45181477 0.13133970
0.45306633 0.12587223
0.45431790 0.12039840
0.45556946 0.11491840
0.45682103 0.10943246
0.45807259 0.10394079
0.45932416 0.09844360
0.46057572 0.09294111
0.46182728 0.08743353
0.46307885 0.08192108
0.46433041 0.07640397
0.46558198 0.07088241
0.46683354 0.06535662
0.46808511 0.05982682
0.46933667 0.05429321
0.47058824 0.04875601
0.47183980 0.04321544
0.47309136 0.03767171
0.47434293 0.03212503
0.47559449 0.02657562
0.47684606 0.02102369
0.47809762 0.01546946
0.47934919 0.00991314
0.48060075 0.00435495
0.48185232 -0.00120491
0.48310388 -0.00676621
0.48435544 -0.01232874
0.48560701 -0.01789230
0.48685857 -0.02345665
0.48811014 -0.02902160
0.48936170 -0.03458692
0.49061327 -0.04015240
0.49186483 -0.04571784
0.49311640 -0.05128300
0.49436796 -0.05684768
0.49561952 -0.06241167
0.49687109 -0.06797475
0.49812265 -0.07353670
0.49937422 -0.07909731
0.50062578 -0.08465638
0.50187735 -0.09021367
0.50312891 -0.09576899
0.50438048 -0.10132211
0.50563204 -0.10687282
0.50688360 -0.11242091
0.50813517 -0.11796616
0.50938673 -0.12350836
0.51063830 -0.12904730
0.51188986 -0.13458275
0.51314143 -0.14011451
0.51439299 -0.14564236
0.51564456 -0.15116609
0.51689612 -0.15668548
0.51814768 -0.16220032
0.51939925 -0.16771040
0.52065081 -0.17321550
0.52190238 -0.17871540
0.52315394 -0.18420989
0.52440551 -0.18969876
0.52565707 -0.19518180
0.52690864 -0.20065879
0.52816020 -0.20612951
0.52941176 -0.21159375
0.53066333 -0.21705130
0.53191489 -0.22250194
0.53316646 -0.22794546
0.53441802 -0.23338164
0.53566959 -0.23881028
0.53692115 -0.24423115
0.53817272 -0.24964404
0.53942428 -0.25504874
0.54067584 -0.26044503
0.54192741 -0.26583271
0.54317897 -0.27121154
0.54443054 -0.27658133
0.54568210 -0.28194185
0.54693367 -0.28729290
0.54818523 -0.29263425
0.54943680 -0.29796570
0.55068836 -0.30328703
0.55193992 -0.30859802
0.55319149 -0.31389847
0.55444305 -0.31918815
0.55569462 -0.32446686
0.55694618 -0.32973437
0.55819775 -0.33499048
0.55944931 -0.34023496
0.56070088 -0.34546762
0.56195244 -0.35068822
0.56320401 -0.35589657
0.56445557 -0.36109243
0.56570713 -0.36627561
0.56695870 -0.37144588
0.56821026 -0.37660303
0.56946183 -0.38174685
0.57071339 -0.38687712
0.57196496 -0.39199363
0.57321652 -0.39709617
0.57446809 -0.40218451
0.57571965 -0.40725845
0.57697121 -0.41231777
0.57822278 -0.41736226
0.57947434 -0.42239170
0.58072591 -0.42740588
0.58197747 -0.43240458
0.58322904 -0.43738760
0.58448060 -0.44235471
0.58573217 -0.44730570
0.58698373 -0.45224036
0.58823529 -0.45715848
0.58948686 -0.46205983
0.59073842 -0.46694421
0.59198999 -0.47181140
0.59324155 -0.47666118
0.59449312 -0.48149335
0.59574468 -0.48630769
0.59699625 -0.49110398
0.59824781 -0.49588201
0.59949937 -0.50064157
0.60075094 -0.50538244
0.60200250 -0.51010441
0.60325407 -0.51480726
0.60450563 -0.51949078
0.60575720 -0.52415475
0.60700876 -0.52879896
0.60826033 -0.53342320
0.60951189 -0.53802726
0.61076345 -0.54261091
0.61201502 -0.54717394
0.61326658 -0.55171615
0.61451815 -0.55623730
0.61576971 -0.56073720
0.61702128 -0.56521563
0.61827284 -0.56967237
0.61952441 -0.57410721
0.62077597 -0.57851993
0.62202753 -0.58291033
0.62327910 -0.58727818
0.62453066 -0.59162327
0.62578223 -0.59594539
0.62703379 -0.60024432
0.62828536 -0.60451985
0.62953692 -0.60877176
0.63078849 -0.61299985
0.63204005 -0.61720389
0.63329161 -0.62138368
0.63454318 -0.62553899
0.63579474 -0.62966962
0.63704631 -0.63377535
0.63829787 -0.63785596
0.63954944 -0.64191124
0.64080100 -0.64594098
0.64205257 -0.64994497
0.64330413 -0.65392298
0.64455569 -0.65787481
0.64580726 -0.66180024
0.64705882 -0.66569905
0.64831039 -0.66957103
0.64956195 -0.67341598
0.65081352 -0.67723366
0.65206508 -0.68102388
0.65331665 -0.68478641
0.65456821 -0.68852104
0.65581977 -0.69222756
0.65707134 -0.69590575
0.65832290 -0.69955540
0.65957447 -0.70317630
0.66082603 -0.70676822
0.66207760 -0.71033096
0.66332916 -0.71386430
0.66458073 -0.71736803
0.66583229 -0.72084193
0.66708385 -0.72428579
0.66833542 -0.72769939
0.66958698 -0.73108253
0.67083855 -0.73443498
0.67209011 -0.73775653
0.67334168 -0.74104697
0.67459324 -0.74430609
0.67584481 -0.74753366
0.67709637 -0.75072948
0.67834793 -0.75389333
0.67959950 -0.75702500
0.68085106 -0.76012427
0.68210263 -0.76319092
0.68335419 -0.76622476
0.68460576 -0.76922555
0.68585732 -0.77219309
0.68710889 -0.77512716
0.68836045 -0.77802755
0.68961202 -0.78089404
0.69086358 -0.78372642
0.69211514 -0.78652447
0.69336671 -0.78928799
0.69461827 -0.79201675
0.69586984 -0.79471054
0.69712140 -0.79736915
0.69837297 -0.79999237
0.69962453 -0.80257997
0.70087610 -0.80513175
0.70212766 -0.80764750
0.70337922 -0.81012698
0.70463079 -0.81257001
0.70588235 -0.81497635
0.70713392 -0.81734579
0.70838548 -0.81967813
0.70963705 -0.82197314
0.71088861 -0.82423061
0.71214018 -0.82645033
0.71339174 -0.82863208
0.71464330 -0.83077566
0.71589487 -0.83288083
0.71714643 -0.83494740
0.71839800 -0.83697515
0.71964956 -0.83896385
0.72090113 -0.84091331
0.72215269 -0.84282330
0.72340426 -0.84469361
0.72465582 -0.84652402
0.72590738 -0.84831433
0.72715895 -0.85006431
0.72841051 -0.85177376
0.72966208 -0.85344245
0.73091364 -0.85507018
0.73216521 -0.85665673
0.73341677 -0.85820189
0.73466834 -0.85970544
0.73591990 -0.86116716
0.73717146 -0.86258685
0.73842303 -0.86396429
0.73967459 -0.86529926
0.74092616 -0.86659156
0.74217772 -0.86784096
0.74342929 -0.86904725
0.74468085 -0.87021023
0.74593242 -0.87132966
0.74718398 -0.87240535
0.74843554 -0.87343707
0.74968711 -0.87442461
0.75093867 -0.87536777
0.75219024 -0.87626631
0.75344180 -0.87712003
0.75469337 -0.87792872
0.75594493 -0.87869216
0.75719650 -0.87941013
0.75844806 -0.88008243
0.75969962 -0.88070883
0.76095119 -0.88128913
0.76220275 -0.88182311
0.76345432 -0.88231055
0.76470588 -0.88275125
0.76595745 -0.88314498
0.76720901 -0.88349153
0.76846058 -0.88379069
0.76971214 -0.88404225
0.77096370 -0.88424598
0.77221527 -0.88440169
0.77346683 -0.88450914
0.77471840 -0.88456813
0.77596996 -0.88457845
0.77722153 -0.88453987
0.77847309 -0.88445219
0.77972466 -0.88431519
0.78097622 -0.88412865
0.78222778 -0.88389237
0.78347935 -0.88360613
0.78473091 -0.88326971
0.78598248 -0.88288290
0.78723404 -0.88244548
0.78848561 -0.88195725
0.78973717 -0.88141798
0.79098874 -0.88082747
0.79224030 -0.88018549
0.79349186 -0.87949184
0.79474343 -0.87874630
0.79599499 -0.87794866
0.79724656 -0.87709869
0.79849812 -0.87619620
0.79974969 -0.87524096
0.80100125 -0.87423275
0.80225282 -0.87317138
0.80350438 -0.87205661
0.80475594 -0.87088824
0.80600751 -0.86966605
0.80725907 -0.86838983
0.80851064 -0.86705937
0.80976220 -0.86567444
0.81101377 -0.86423484
0.81226533 -0.86274035
0.81351690 -0.86119076
0.81476846 -0.85958585
0.81602003 -0.85792541
0.81727159 -0.85620923
0.81852315 -0.85443708
0.81977472 -0.85260877
0.82102628 -0.85072406
0.82227785 -0.84878275
0.82352941 -0.84678463
0.82478098 -0.84472947
0.82603254 -0.84261707
0.82728411 -0.84044721
0.82853567 -0.83821968
0.82978723 -0.83593426
0.83103880 -0.83359074
0.83229036 -0.83118890
0.83354193 -0.82872853
0.83479349 -0.82620942
0.83604506 -0.82363135
0.83729662 -0.82099410
0.83854819 -0.81829747
0.83979975 -0.81554124
0.84105131 -0.81272520
0.84230288 -0.80984912
0.84355444 -0.80691280
0.84480601 -0.80391603
0.84605757 -0.80085858
0.84730914 -0.79774024
0.84856070 -0.79456080
0.84981227 -0.79132005
0.85106383 -0.78801777
0.85231539 -0.78465375
0.85356696 -0.78122777
0.85481852 -0.77773962
0.85607009 -0.77418908
0.85732165 -0.77057595
0.85857322 -0.76690000
0.85982478 -0.76316102
0.86107635 -0.75935880
0.86232791 -0.75549312
0.86357947 -0.75156377
0.86483104 -0.74757053
0.86608260 -0.74351320
0.86733417 -0.73939155
0.86858573 -0.73520538
0.86983730 -0.73095446
0.87108886 -0.72663859
0.87234043 -0.72225754
0.87359199 -0.71781112
0.87484355 -0.71329909
0.87609512 -0.70872125
0.87734668 -0.70407738
0.87859825 -0.69936728
0.87984981 -0.69459071
0.88110138 -0.68974748
0.88235294 -0.68483736
0.88360451 -0.67986015
0.88485607 -0.67481562
0.88610763 -0.66970357
0.88735920 -0.66452377
0.88861076 -0.65927602
0.88986233 -0.65396010
0.89111389 -0.64857580
0.89236546 -0.64312290
0.89361702 -0.63760119
0.89486859 -0.63201045
0.89612015 -0.62635048
0.89737171 -0.62062104
0.89862328 -0.61482194
0.89987484 -0.60895296
0.90112641 -0.60301388
0.90237797 -0.59700449
0.90362954 -0.59092457
0.90488110 -0.58477392
0.90613267 -0.57855231
0.90738423 -0.57225953
0.90863579 -0.56589537
0.90988736 -0.55945961
0.91113892 -0.55295205
0.91239049 -0.54637245
0.91364205 -0.53972062
0.91489362 -0.53299634
0.91614518 -0.52619939
0.91739675 -0.51932955
0.91864831 -0.51238663
0.91989987 -0.50537039
0.92115144 -0.49828062
0.92240300 -0.49111712
0.92365457 -0.48387967
0.92490613 -0.47656805
0.92615770 -0.46918205
0.92740926 -0.46172145
0.92866083 -0.45418604
0.92991239 -0.44657561
0.93116395 -0.43888995
0.93241552 -0.43112883
0.93366708 -0.42329204
0.93491865 -0.41537937
0.93617021 -0.40739061
0.93742178 -0.39932554
0.93867334 -0.39118395
0.93992491 -0.38296562
0.94117647 -0.37467034
0.94242804 -0.36629789
0.94367960 -0.35784806
0.94493116 -0.34932064
0.94618273 -0.34071541
0.94743429 -0.33203216
0.94868586 -0.32327067
0.94993742 -0.31443073
0.95118899 -0.30551213
0.95244055 -0.29651465
0.95369212 -0.28743807
0.95494368 -0.27828218
0.95619524 -0.26904678
0.95744681 -0.25973163
0.95869837 -0.25033654
0.95994994 -0.24086128
0.96120150 -0.23130565
0.96245307 -0.22166942
0.96370463 -0.21195238
0.96495620 -0.20215433
0.96620776 -0.19227503
0.96745932 -0.18231429
0.96871089 -0.17227189
0.96996245 -0.16214760
0.97121402 -0.15194122
0.97246558 -0.14165254
0.97371715 -0.13128134
0.97496871 -0.12082740
0.97622028 -0.11029051
0.97747184 -0.09967046
0.97872340 -0.08896703
0.97997497 -0.07818001
0.98122653 -0.06730918
0.98247810 -0.05635434
0.98372966 -0.04531526
0.98498123 -0.03419173
0.98623279 -0.02298354
0.98748436 -0.01169047
0.98873592 -0.00031231
0.98998748 0.01115116
0.99123905 0.02270014
0.99249061 0.03433486
0.99374218 0.04605553
0.99499374 0.05786236
0.99624531 0.06975556
0.99749687 0.08173536
0.99874844 0.09380196
1.00000000 0.10595557
