0.00000000 0.29724870
0.00125156 0.31816528
0.00250313 0.33685030
0.00375469 0.35340662
0.00500626 0.36793421
0.00625782 0.38053019
0.00750939 0.39128895
0.00876095 0.40030214
0.01001252 0.40765874
0.01126408 0.41344512
0.01251564 0.41774510
0.01376721 0.42063997
0.01501877 0.42220859
0.01627034 0.42252737
0.01752190 0.42167039
0.01877347 0.41970940
0.02002503 0.41671389
0.02127660 0.41275112
0.02252816 0.40788618
0.02377972 0.40218205
0.02503129 0.39569959
0.02628285 0.38849766
0.02753442 0.38063308
0.02878598 0.37216076
0.03003755 0.36313368
0.03128911 0.35360294
0.03254068 0.34361783
0.03379224 0.33322583
0.03504380 0.32247270
0.03629537 0.31140246
0.03754693 0.30005749
0.03879850 0.28847851
0.04005006 0.27670466
0.04130163 0.26477352
0.04255319 0.25272115
0.04380476 0.24058212
0.04505632 0.22838953
0.04630788 0.21617511
0.04755945 0.20396916
0.04881101 0.19180066
0.05006258 0.17969726
0.05131414 0.16768534
0.05256571 0.15579001
0.05381727 0.14403518
0.05506884 0.13244356
0.05632040 0.12103669
0.05757196 0.10983501
0.05882353 0.09885785
0.06007509 0.08812344
0.06132666 0.07764902
0.06257822 0.06745078
0.06382979 0.05754393
0.06508135 0.04794273
0.06633292 0.03866050
0.06758448 0.02970966
0.06883605 0.02110174
0.07008761 0.01284742
0.07133917 0.00495656
0.07259074 -0.00256181
0.07384230 -0.00969942
0.07509387 -0.01644876
0.07634543 -0.02280308
0.07759700 -0.02875632
0.07884856 -0.03430311
0.08010013 -0.03943876
0.08135169 -0.04415923
0.08260325 -0.04846109
0.08385482 -0.05234152
0.08510638 -0.05579831
0.08635795 -0.05882978
0.08760951 -0.06143481
0.08886108 -0.06361283
0.09011264 -0.06536374
0.09136421 -0.06668794
0.09261577 -0.06758633
0.09386733 -0.06806024
0.09511890 -0.06811143
0.09637046 -0.06774209
0.09762203 -0.06695482
0.09887359 -0.06575260
0.10012516 -0.06413878
0.10137672 -0.06211707
0.10262829 -0.05969152
0.10387985 -0.05686649
0.10513141 -0.05364668
0.10638298 -0.05003705
0.10763454 -0.04604289
0.10888611 -0.04166970
0.11013767 -0.03692329
0.11138924 -0.03180967
0.11264080 -0.02633511
0.11389237 -0.02050608
0.11514393 -0.01432926
0.11639549 -0.00781152
0.11764706 -0.00095992
0.11889862 0.00621833
0.12015019 0.01371584
0.12140175 0.02152508
0.12265332 0.02963840
0.12390488 0.03804798
0.12515645 0.04674594
0.12640801 0.05572424
0.12765957 0.06497478
0.12891114 0.07448935
0.13016270 0.08425967
0.13141427 0.09427739
0.13266583 0.10453409
0.13391740 0.11502132
0.13516896 0.12573055
0.13642053 0.13665325
0.13767209 0.14778082
0.13892365 0.15910467
0.14017522 0.17061617
0.14142678 0.18230672
0.14267835 0.19416768
0.14392991 0.20619043
0.14518148 0.21836636
0.14643304 0.23068688
0.14768461 0.24314344
0.14893617 0.25572748
0.15018773 0.26843050
0.15143930 0.28124406
0.15269086 0.29415973
0.15394243 0.30716915
0.15519399 0.32026402
0.15644556 0.33343608
0.15769712 0.34667716
0.15894869 0.35997914
0.16020025 0.37333400
0.16145181 0.38673376
0.16270338 0.40017055
0.16395494 0.41363658
0.16520651 0.42712415
0.16645807 0.44062564
0.16770964 0.45413354
0.16896120 0.46764044
0.17021277 0.48113902
0.17146433 0.49462206
0.17271589 0.50808247
0.17396746 0.52151326
0.17521902 0.53490754
0.17647059 0.54825855
0.17772215 0.56155964
0.17897372 0.57480428
0.18022528 0.58798606
0.18147685 0.60109869
0.18272841 0.61413600
0.18397997 0.62709197
0.18523154 0.63996068
0.18648310 0.65273635
0.18773467 0.66541332
0.18898623 0.67798608
0.19023780 0.69044923
0.19148936 0.70279752
0.19274093 0.71502581
0.19399249 0.72712913
0.19524406 0.73910261
0.19649562 0.75094153
0.19774718 0.76264131
0.19899875 0.77419750
0.20025031 0.78560579
0.20150188 0.79686199
0.20275344 0.80796207
0.20400501 0.81890213
0.20525657 0.82967839
0.20650814 0.84028722
0.20775970 0.85072513
0.20901126 0.86098876
0.21026283 0.87107487
0.21151439 0.88098038
0.21276596 0.89070234
0.21401752 0.90023790
0.21526909 0.90958440
0.21652065 0.91873925
0.21777222 0.92770005
0.21902378 0.93646449
0.22027534 0.94503039
0.22152691 0.95339573
0.22277847 0.96155859
0.22403004 0.96951719
0.22528160 0.97726986
0.22653317 0.98481507
0.22778473 0.99215140
0.22903630 0.99927757
0.23028786 1.00619240
0.23153942 1.01289484
0.23279099 1.01938396
0.23404255 1.02565893
0.23529412 1.03171907
0.23654568 1.03756377
0.23779725 1.04319255
0.23904881 1.04860506
0.24030038 1.05380103
0.24155194 1.05878031
0.24280350 1.06354284
0.24405507 1.06808870
0.24530663 1.07241804
0.24655820 1.07653111
0.24780976 1.08042827
0.24906133 1.08410998
0.25031289 1.08757679
0.25156446 1.09082934
0.25281602 1.09386835
0.25406758 1.09669466
0.25531915 1.09930917
0.25657071 1.10171289
0.25782228 1.10390688
0.25907384 1.10589230
0.26032541 1.10767041
0.26157697 1.10924252
0.26282854 1.11061001
0.26408010 1.11177437
0.26533166 1.11273713
0.26658323 1.11349990
0.26783479 1.11406436
0.26908636 1.11443225
0.27033792 1.11460539
0.27158949 1.11458564
0.27284105 1.11437493
0.27409262 1.11397526
0.27534418 1.11338867
0.27659574 1.11261725
0.27784731 1.11166317
0.27909887 1.11052861
0.28035044 1.10921584
0.28160200 1.10772715
0.28285357 1.10606487
0.28410513 1.10423139
0.28535670 1.10222913
0.28660826 1.10006056
0.28785982 1.09772818
0.28911139 1.09523450
0.29036295 1.09258211
0.29161452 1.08977359
0.29286608 1.08681158
0.29411765 1.08369871
0.29536921 1.08043768
0.29662078 1.07703117
0.29787234 1.07348192
0.29912390 1.06979266
0.30037547 1.06596614
0.30162703 1.06200515
0.30287860 1.05791248
0.30413016 1.05369092
0.30538173 1.04934328
0.30663329 1.04487239
0.30788486 1.04028108
0.30913642 1.03557217
0.31038798 1.03074851
0.31163955 1.02581294
0.31289111 1.02076829
0.31414268 1.01561741
0.31539424 1.01036313
0.31664581 1.00500828
0.31789737 0.99955570
0.31914894 0.99400819
0.32040050 0.98836858
0.32165207 0.98263966
0.32290363 0.97682422
0.32415519 0.97092504
0.32540676 0.96494488
0.32665832 0.95888648
0.32790989 0.95275258
0.32916145 0.94654589
0.33041302 0.94026909
0.33166458 0.93392485
0.33291615 0.92751583
0.33416771 0.92104464
0.33541927 0.91451388
0.33667084 0.90792613
0.33792240 0.90128394
0.33917397 0.89458982
0.34042553 0.88784626
0.34167710 0.88105571
0.34292866 0.87422061
0.34418023 0.86734336
0.34543179 0.86042631
0.34668335 0.85347178
0.34793492 0.84648209
0.34918648 0.83945947
0.35043805 0.83240615
0.35168961 0.82532431
0.35294118 0.81821610
0.35419274 0.81108361
0.35544431 0.80392892
0.35669587 0.79675405
0.35794743 0.78956098
0.35919900 0.78235165
0.36045056 0.77512795
0.36170213 0.76789175
0.36295369 0.76064485
0.36420526 0.75338902
0.36545682 0.74612599
0.36670839 0.73885741
0.36795995 0.73158494
0.36921151 0.72431014
0.37046308 0.71703457
0.37171464 0.70975970
0.37296621 0.70248699
0.37421777 0.69521782
0.37546934 0.68795355
0.37672090 0.68069548
0.37797247 0.67344485
0.37922403 0.66620287
0.38047559 0.65897069
0.38172716 0.65174942
0.38297872 0.64454012
0.38423029 0.63734378
0.38548185 0.63016138
0.38673342 0.62299381
0.38798498 0.61584194
0.38923655 0.60870657
0.39048811 0.60158848
0.39173967 0.59448836
0.39299124 0.58740689
0.39424280 0.58034468
0.39549437 0.57330230
0.39674593 0.56628026
0.39799750 0.55927903
0.39924906 0.55229904
0.40050063 0.54534065
0.40175219 0.53840420
0.40300375 0.53148996
0.40425532 0.52459817
0.40550688 0.51772901
0.40675845 0.51088262
0.40801001 0.50405910
0.40926158 0.49725849
0.41051314 0.49048080
0.41176471 0.48372598
0.41301627 0.47699397
0.41426783 0.47028461
0.41551940 0.46359776
0.41677096 0.45693319
0.41802253 0.45029064
0.41927409 0.44366983
0.42052566 0.43707042
0.42177722 0.43049203
0.42302879 0.42393425
0.42428035 0.41739663
0.42553191 0.41087866
0.42678348 0.40437983
0.42803504 0.39789957
0.42928661 0.39143728
0.43053817 0.38499233
0.43178974 0.37856404
0.43304130 0.37215171
0.43429287 0.36575461
0.43554443 0.35937197
0.43679599 0.35300300
0.43804756 0.34664685
0.43929912 0.34030269
0.44055069 0.33396962
0.44180225 0.32764674
0.44305382 0.32133310
0.44430538 0.31502773
0.44555695 0.30872966
0.44680851 0.30243787
0.44806008 0.29615131
0.44931164 0.28986895
0.45056320 0.28358970
0.45181477 0.27731246
0.45306633 0.27103611
0.45431790 0.26475954
0.45556946 0.25848157
0.45682103 0.25220106
0.45807259 0.24591682
0.45932416 0.23962765
0.46057572 0.23333235
0.46182728 0.22702970
0.46307885 0.22071847
0.46433041 0.21439744
0.46558198 0.20806534
0.46683354 0.20172094
0.46808511 0.19536296
0.46933667 0.18899015
0.47058824 0.18260124
0.47183980 0.17619495
0.47309136 0.16977003
0.47434293 0.16332518
0.47559449 0.15685915
0.47684606 0.15037066
0.47809762 0.14385844
0.47934919 0.13732123
0.48060075 0.13075777
0.48185232 0.12416680
0.48310388 0.11754708
0.48435544 0.11089738
0.48560701 0.10421646
0.48685857 0.09750310
0.48811014 0.09075610
0.48936170 0.08397426
0.49061327 0.07715641
0.49186483 0.07030137
0.49311640 0.06340799
0.49436796 0.05647515
0.49561952 0.04950173
0.49687109 0.04248662
0.49812265 0.03542876
0.49937422 0.02832709
0.50062578 0.02118056
0.50187735 0.01398819
0.50312891 0.00674897
0.50438048 -0.00053806
0.50563204 -0.00787382
0.50688360 -0.01525924
0.50813517 -0.02269518
0.50938673 -0.03018250
0.51063830 -0.03772202
0.51188986 -0.04531453
0.51314143 -0.05296079
0.51439299 -0.06066153
0.51564456 -0.06841743
0.51689612 -0.07622915
0.51814768 -0.08409732
0.51939925 -0.09202252
0.52065081 -0.10000530
0.52190238 -0.10804617
0.52315394 -0.11614560
0.52440551 -0.12430403
0.52565707 -0.13252184
0.52690864 -0.14079939
0.52816020 -0.14913698
0.52941176 -0.15753488
0.53066333 -0.16599332
0.53191489 -0.17451246
0.53316646 -0.18309246
0.53441802 -0.19173339
0.53566959 -0.20043529
0.53692115 -0.20919817
0.53817272 -0.21802197
0.53942428 -0.22690659
0.54067584 -0.23585189
0.54192741 -0.24485766
0.54317897 -0.25392367
0.54443054 -0.26304962
0.54568210 -0.27223515
0.54693367 -0.28147988
0.54818523 -0.29078336
0.54943680 -0.30014508
0.55068836 -0.30956449
0.55193992 -0.31904099
0.55319149 -0.32857392
0.55444305 -0.33816258
0.55569462 -0.34780619
0.55694618 -0.35750395
0.55819775 -0.36725498
0.55944931 -0.37705835
0.56070088 -0.38691308
0.56195244 -0.39681816
0.56320401 -0.40677247
0.56445557 -0.41677489
0.56570713 -0.42682422
0.56695870 -0.43691920
0.56821026 -0.44705853
0.56946183 -0.45724084
0.57071339 -0.46746473
0.57196496 -0.47772871
0.57321652 -0.48803128
0.57446809 -0.49837084
0.57571965 -0.50874576
0.57697121 -0.51915436
0.57822278 -0.52959489
0.57947434 -0.54006557
0.58072591 -0.55056453
0.58197747 -0.56108988
0.58322904 -0.57163967
0.58448060 -0.58221189
0.58573217 -0.59280449
0.58698373 -0.60341534
0.58823529 -0.61404229
0.58948686 -0.62468313
0.59073842 -0.63533560
0.59198999 -0.64599739
0.59324155 -0.65666612
0.59449312 -0.66733941
0.59574468 -0.67801478
0.59699625 -0.68868974
0.59824781 -0.69936173
0.59949937 -0.71002816
0.60075094 -0.72068639
0.60200250 -0.73133373
0.60325407 -0.74196745
0.60450563 -0.75258478
0.60575720 -0.76318292
0.60700876 -0.77375899
0.60826033 -0.78431011
0.60951189 -0.79483336
0.61076345 -0.80532574
0.61201502 -0.81578427
0.61326658 -0.82620589
0.61451815 -0.83658752
0.61576971 -0.84692606
0.61702128 -0.85721836
0.61827284 -0.86746124
0.61952441 -0.87765150
0.62077597 -0.88778589
0.62202753 -0.89786117
0.62327910 -0.90787404
0.62453066 -0.91782118
0.62578223 -0.92769925
0.62703379 -0.93750490
0.62828536 -0.94723475
0.62953692 -0.95688538
0.63078849 -0.96645339
0.63204005 -0.97593534
0.63329161 -0.98532777
0.63454318 -0.99462723
0.63579474 -1.00383023
0.63704631 -1.01293329
0.63829787 -1.02193291
0.63954944 -1.03082559
0.64080100 -1.03960782
0.64205257 -1.04827610
0.64330413 -1.05682689
0.64455569 -1.06525670
0.64580726 -1.07356200
0.64705882 -1.08173929
0.64831039 -1.08978506
0.64956195 -1.09769581
0.65081352 -1.10546805
0.65206508 -1.11309831
0.65331665 -1.12058312
0.65456821 -1.12791903
0.65581977 -1.13510259
0.65707134 -1.14213040
0.65832290 -1.14899905
0.65957447 -1.15570518
0.66082603 -1.16224542
0.66207760 -1.16861646
0.66332916 -1.17481500
0.66458073 -1.18083777
0.66583229 -1.18668154
0.66708385 -1.19234312
0.66833542 -1.19781933
0.66958698 -1.20310706
0.67083855 -1.20820323
0.67209011 -1.21310479
0.67334168 -1.21780875
0.67459324 -1.22231217
0.67584481 -1.22661214
0.67709637 -1.23070583
0.67834793 -1.23459044
0.67959950 -1.23826324
0.68085106 -1.24172154
0.68210263 -1.24496274
0.68335419 -1.24798428
0.68460576 -1.25078367
0.68585732 -1.25335849
0.68710889 -1.25570639
0.68836045 -1.25782509
0.68961202 -1.25971238
0.69086358 -1.26136614
0.69211514 -1.26278431
0.69336671 -1.26396492
0.69461827 -1.26490608
0.69586984 -1.26560600
0.69712140 -1.26606295
0.69837297 -1.26627532
0.69962453 -1.26624156
0.70087610 -1.26596023
0.70212766 -1.26543000
0.70337922 -1.26464961
0.70463079 -1.26361792
0.70588235 -1.26233389
0.70713392 -1.26079658
0.70838548 -1.25900516
0.70963705 -1.25695890
0.71088861 -1.25465719
0.71214018 -1.25209955
0.71339174 -1.24928557
0.71464330 -1.24621501
0.71589487 -1.24288770
0.71714643 -1.23930363
0.71839800 -1.23546289
0.71964956 -1.23136571
0.72090113 -1.22701243
0.72215269 -1.22240353
0.72340426 -1.21753963
0.72465582 -1.21242145
0.72590738 -1.20704989
0.72715895 -1.20142595
0.72841051 -1.19555078
0.72966208 -1.18942566
0.73091364 -1.18305204
0.73216521 -1.17643147
0.73341677 -1.16956568
0.73466834 -1.16245653
0.73591990 -1.15510602
0.73717146 -1.14751631
0.73842303 -1.13968972
0.73967459 -1.13162869
0.74092616 -1.12333585
0.74217772 -1.11481394
0.74342929 -1.10606589
0.74468085 -1.09709478
0.74593242 -1.08790383
0.74718398 -1.07849643
0.74843554 -1.06887613
0.74968711 -1.05904664
0.75093867 -1.04901182
0.75219024 -1.03877570
0.75344180 -1.02834247
0.75469337 -1.01771648
0.75594493 -1.00690224
0.75719650 -0.99590442
0.75844806 -0.98472788
0.75969962 -0.97337760
0.76095119 -0.96185876
0.76220275 -0.95017669
0.76345432 -0.93833688
0.76470588 -0.92634498
0.76595745 -0.91420682
0.76720901 -0.90192839
0.76846058 -0.88951581
0.76971214 -0.87697542
0.77096370 -0.86431367
0.77221527 -0.85153719
0.77346683 -0.83865279
0.77471840 -0.82566739
0.77596996 -0.81258813
0.77722153 -0.79942225
0.77847309 -0.78617719
0.77972466 -0.77286051
0.78097622 -0.75947994
0.78222778 -0.74604337
0.78347935 -0.73255883
0.78473091 -0.71903449
0.78598248 -0.70547867
0.78723404 -0.69189985
0.78848561 -0.67830663
0.78973717 -0.66470776
0.79098874 -0.65111213
0.79224030 -0.63752875
0.79349186 -0.62396677
0.79474343 -0.61043547
0.79599499 -0.59694426
0.79724656 -0.58350267
0.79849812 -0.57012032
0.79974969 -0.55680699
0.80100125 -0.54357255
0.80225282 -0.53042697
0.80350438 -0.51738033
0.80475594 -0.50444282
0.80600751 -0.49162470
0.80725907 -0.47893636
0.80851064 -0.46638822
0.80976220 -0.45399084
0.81101377 -0.44175481
0.81226533 -0.42969080
0.81351690 -0.41780958
0.81476846 -0.40612192
0.81602003 -0.39463869
0.81727159 -0.38337080
0.81852315 -0.37232917
0.81977472 -0.36152478
0.82102628 -0.35096865
0.82227785 -0.34067179
0.82352941 -0.33064524
0.82478098 -0.32090004
0.82603254 -0.31144724
0.82728411 -0.30229788
0.82853567 -0.29346296
0.82978723 -0.28495348
0.83103880 -0.27678040
0.83229036 -0.26895462
0.83354193 -0.26148702
0.83479349 -0.25438840
0.83604506 -0.24766948
0.83729662 -0.24134092
0.83854819 -0.23541329
0.83979975 -0.22989704
0.84105131 -0.22480252
0.84230288 -0.22013997
0.84355444 -0.21591948
0.84480601 -0.21215100
0.84605757 -0.20884434
0.84730914 -0.20600913
0.84856070 -0.20365480
0.84981227 -0.20179064
0.85106383 -0.20042568
0.85231539 -0.19956876
0.85356696 -0.19922850
0.85481852 -0.19941325
0.85607009 -0.20013112
0.85732165 -0.20138993
0.85857322 -0.20319722
0.85982478 -0.20556024
0.86107635 -0.20848590
0.86232791 -0.21198079
0.86357947 -0.21605116
0.86483104 -0.22070286
0.86608260 -0.22594139
0.86733417 -0.23177185
0.86858573 -0.23819890
0.86983730 -0.24522678
0.87108886 -0.25285929
0.87234043 -0.26109974
0.87359199 -0.26995095
0.87484355 -0.27941524
0.87609512 -0.28949440
0.87734668 -0.30018968
0.87859825 -0.31150174
0.87984981 -0.32343068
0.88110138 -0.33597596
0.88235294 -0.34913642
0.88360451 -0.36291025
0.88485607 -0.37729497
0.88610763 -0.39228739
0.88735920 -0.40788359
0.88861076 -0.42407892
0.88986233 -0.44086796
0.89111389 -0.45824449
0.89236546 -0.47620147
0.89361702 -0.49473102
0.89486859 -0.51382438
0.89612015 -0.53347191
0.89737171 -0.55366303
0.89862328 -0.57438622
0.89987484 -0.59562898
0.90112641 -0.61737779
0.90237797 -0.63961813
0.90362954 -0.66233438
0.90488110 -0.68550984
0.90613267 -0.70912669
0.90738423 -0.73316595
0.90863579 -0.75760745
0.90988736 -0.78242982
0.91113892 -0.80761041
0.91239049 -0.83312533
0.91364205 -0.85894933
0.91489362 -0.88505585
0.91614518 -0.91141692
0.91739675 -0.93800317
0.91864831 -0.96478375
0.91989987 -0.99172635
0.92115144 -1.01879712
0.92240300 -1.04596065
0.92365457 -1.07317992
0.92490613 -1.10041628
0.92615770 -1.12762940
0.92740926 -1.15477723
0.92866083 -1.18181596
0.92991239 -1.20870000
0.93116395 -1.23538189
0.93241552 -1.26181231
0.93366708 -1.28794002
0.93491865 -1.31371179
0.93617021 -1.33907239
0.93742178 -1.36396455
0.93867334 -1.38832887
0.93992491 -1.41210383
0.94117647 -1.43522571
0.94242804 -1.45762853
0.94367960 -1.47924406
0.94493116 -1.50000171
0.94618273 -1.51982849
0.94743429 -1.53864901
0.94868586 -1.55638537
0.94993742 -1.57295715
0.95118899 -1.58828133
0.95244055 -1.60227224
0.95369212 -1.61484154
0.95494368 -1.62589812
0.95619524 -1.63534807
0.95744681 -1.64309463
0.95869837 -1.64903813
0.95994994 -1.65307589
0.96120150 -1.65510224
0.96245307 -1.65500841
0.96370463 -1.65268246
0.96495620 -1.64800927
0.96620776 -1.64087044
0.96745932 -1.63114422
0.96871089 -1.61870549
0.96996245 -1.60342566
0.97121402 -1.58517261
0.97246558 -1.56381066
0.97371715 -1.53920043
0.97496871 -1.51119887
0.97622028 -1.47965911
0.97747184 -1.44443043
0.97872340 -1.40535818
0.97997497 -1.36228372
0.98122653 -1.31504435
0.98247810 -1.26347321
0.98372966 -1.20739923
0.98498123 -1.14664708
0.98623279 -1.08103703
0.98748436 -1.01038494
0.98873592 -0.93450214
0.98998748 -0.85319538
0.99123905 -0.76626674
0.99249061 -0.67351353
0.99374218 -0.57472826
0.99499374 -0.46969849
0.99624531 -0.35820684
0.99749687 -0.24003079
0.99874844 -0.11494271
1.00000000 0.01729032
