-33.00000000 0.00685526 0.87774614
-32.98349175 0.00644783 0.88024736
-32.96698349 0.00699592 0.87689269
-32.95047524 0.00699592 0.87689269
-32.93396698 0.00699592 0.87689269
-32.91745873 0.00723582 0.87542198
-32.90095048 0.00717287 0.87580794
-32.88444222 0.00770222 0.87256858
-32.86793397 0.00770222 0.87256858
-32.85142571 0.00770222 0.87256858
-32.83491746 0.00778957 0.87203582
-32.81840920 0.00807634 0.87027987
-32.80190095 0.00807638 0.87027804
-32.78539270 0.00807638 0.87027804
-32.76888444 0.00807638 0.87027804
-32.75237619 0.00853454 0.86747823
-32.73586793 0.00862131 0.86694584
-32.71935968 0.00896751 0.86483885
-32.70285143 0.00886722 0.86544123
-32.68634317 0.00938281 0.86230002
-32.66983492 0.00929846 0.86282003
-32.65332666 0.00943284 0.86200523
-32.63681841 0.00943284 0.86200523
-32.62031016 0.00959030 0.86104044
-32.60380190 0.00974761 0.86007725
-32.58729365 0.01009872 0.85794156
-32.57078539 0.01009872 0.85794156
-32.55427714 0.01041198 0.85604057
-32.53776888 0.01008645 0.85801513
-32.52126063 0.01056814 0.85509025
-32.50475238 0.01056814 0.85509025
-32.48824412 0.01097382 0.85262368
-32.47173587 0.01103422 0.85226264
-32.45522761 0.01111574 0.85176553
-32.43871936 0.01156486 0.84903705
-32.42221111 0.01144702 0.84975359
-32.40570285 0.01185890 0.84725641
-32.38919460 0.01181188 0.84753937
-32.37268634 0.01190647 0.84697196
-32.35617809 0.01220825 0.84513331
-32.33966983 0.01274367 0.84190385
-32.32316158 0.01248849 0.84344113
-32.30665333 0.01287054 0.84113375
-32.29014507 0.01304327 0.84008905
-32.27363682 0.01281295 0.84148535
-32.25712856 0.01337611 0.83808383
-32.24062031 0.01379740 0.83553799
-32.22411206 0.01395643 0.83458365
-32.20760380 0.01395643 0.83458365
-32.19109555 0.01419270 0.83315247
-32.17458729 0.01440676 0.83186571
-32.15807904 0.01485472 0.82917220
-32.14157079 0.01482127 0.82937169
-32.12506253 0.01482127 0.82937169
-32.10855428 0.01553249 0.82510662
-32.09204602 0.01534520 0.82623396
-32.07553777 0.01588373 0.82299592
-32.05902951 0.01590598 0.82286182
-32.04252126 0.01607001 0.82188184
-32.02601301 0.01672329 0.81797621
-32.00950475 0.01672329 0.81797621
-31.99299650 0.01697048 0.81649344
-31.97648824 0.01708910 0.81578679
-31.95997999 0.01716447 0.81533588
-31.94347174 0.01736919 0.81411875
-31.92696348 0.01783710 0.81132299
-31.91045523 0.01802731 0.81018886
-31.89394697 0.01820796 0.80911634
-31.87743872 0.01857457 0.80692769
-31.86093047 0.01896104 0.80462964
-31.84442221 0.01940701 0.80198294
-31.82791396 0.01973615 0.80003264
-31.81140570 0.01991007 0.79899880
-31.79489745 0.02016669 0.79748733
-31.77838919 0.02043101 0.79592315
-31.76188094 0.02034956 0.79640191
-31.74537269 0.02097564 0.79269858
-31.72886443 0.02096631 0.79275365
-31.71235618 0.02148659 0.78969051
-31.69584792 0.02184294 0.78758433
-31.67933967 0.02220844 0.78543434
-31.66283142 0.02261043 0.78307804
-31.64632316 0.02262969 0.78296240
-31.62981491 0.02338470 0.77852880
-31.61330665 0.02333621 0.77880903
-31.59679840 0.02352954 0.77768091
-31.58029015 0.02420716 0.77372160
-31.56378189 0.02441572 0.77250267
-31.54727364 0.02479100 0.77030735
-31.53076538 0.02489461 0.76970603
-31.51425713 0.02546298 0.76639572
-31.49774887 0.02570390 0.76499935
-31.48124062 0.02614570 0.76243711
-31.46473237 0.02627371 0.76169275
-31.44822411 0.02659194 0.75984731
-31.43171586 0.02705279 0.75717713
-31.41520760 0.02718776 0.75639651
-31.39869935 0.02797233 0.75186718
-31.38219110 0.02832520 0.74983691
-31.36568284 0.02878957 0.74717113
-31.34917459 0.02917102 0.74497914
-31.33266633 0.02923937 0.74458288
-31.31615808 0.02975652 0.74162216
-31.29964982 0.03027471 0.73865300
-31.28314157 0.03059542 0.73682135
-31.26663332 0.03098971 0.73457544
-31.25012506 0.03137398 0.73239672
-31.23361681 0.03172892 0.73037413
-31.21710855 0.03204059 0.72860772
-31.20060030 0.03244827 0.72629643
-31.18409205 0.03300625 0.72314382
-31.16758379 0.03331834 0.72138408
-31.15107554 0.03360540 0.71976794
-31.13456728 0.03411823 0.71687904
-31.11805903 0.03475128 0.71332832
-31.10155078 0.03503711 0.71172593
-31.08504252 0.03545197 0.70940760
-31.06853427 0.03572680 0.70787390
-31.05202601 0.03624139 0.70500209
-31.03551776 0.03683297 0.70171853
-31.01900950 0.03717367 0.69983092
-31.00250125 0.03768184 0.69702182
-30.98599300 0.03803751 0.69505144
-30.96948474 0.03852289 0.69238651
-30.95297649 0.03885977 0.69053622
-30.93646823 0.03937661 0.68769518
-30.91995998 0.03974287 0.68569417
-30.90345173 0.04043898 0.68189892
-30.88694347 0.04094623 0.67913186
-30.87043522 0.04125142 0.67747167
-30.85392696 0.04175248 0.67476752
-30.83741871 0.04215929 0.67256710
-30.82091046 0.04260259 0.67017428
-30.80440220 0.04314665 0.66725406
-30.78789395 0.04392062 0.66310855
-30.77138569 0.04431655 0.66099983
-30.75487744 0.04472639 0.65881379
-30.73836918 0.04513375 0.65665262
-30.72186093 0.04572250 0.65354186
-30.70535268 0.04615067 0.65128309
-30.68884442 0.04685804 0.64756566
-30.67233617 0.04711494 0.64621945
-30.65582791 0.04778212 0.64272576
-30.63931966 0.04833129 0.63987359
-30.62281141 0.04890122 0.63692269
-30.60630315 0.04912341 0.63577184
-30.58979490 0.04985658 0.63199507
-30.57328664 0.05037368 0.62934556
-30.55677839 0.05079106 0.62720700
-30.54027014 0.05129121 0.62466303
-30.52376188 0.05200921 0.62102524
-30.50725363 0.05256260 0.61822853
-30.49074537 0.05290730 0.61649525
-30.47423712 0.05351096 0.61347489
-30.45772886 0.05405042 0.61078395
-30.44122061 0.05443229 0.60888445
-30.42471236 0.05512213 0.60547507
-30.40820410 0.05545555 0.60383188
-30.39169585 0.05618021 0.60028143
-30.37518759 0.05668913 0.59779707
-30.35867934 0.05719220 0.59536131
-30.34217109 0.05776217 0.59261006
-30.32566283 0.05835476 0.58975925
-30.30915458 0.05876485 0.58779691
-30.29264632 0.05938687 0.58483991
-30.27613807 0.06000750 0.58190745
-30.25962981 0.06045947 0.57977754
-30.24312156 0.06105033 0.57701703
-30.22661331 0.06153146 0.57477901
-30.21010505 0.06221912 0.57159656
-30.19359680 0.06268972 0.56943455
-30.17708854 0.06323692 0.56693219
-30.16058029 0.06386212 0.56409539
-30.14407204 0.06426547 0.56227475
-30.12756378 0.06497507 0.55909369
-30.11105553 0.06550330 0.55674372
-30.09454727 0.06596520 0.55469734
-30.07803902 0.06662974 0.55177546
-30.06153077 0.06712698 0.54961191
-30.04502251 0.06768596 0.54718862
-30.02851426 0.06822955 0.54485125
-30.01200600 0.06875685 0.54259795
-29.99549775 0.06927965 0.54037886
-29.97898949 0.06985020 0.53798352
-29.96248124 0.07045485 0.53545889
-29.94597299 0.07106812 0.53292484
-29.92946473 0.07150799 0.53111661
-29.91295648 0.07212913 0.52859405
-29.89644822 0.07256937 0.52681245
-29.87993997 0.07323689 0.52413900
-29.86343172 0.07372287 0.52221045
-29.84692346 0.07426726 0.52007658
-29.83041521 0.07487077 0.51772564
-29.81390695 0.07547887 0.51538154
-29.79739870 0.07586291 0.51391104
-29.78089045 0.07654073 0.51135068
-29.76438219 0.07701781 0.50956398
-29.74787394 0.07750482 0.50775944
-29.73136568 0.07810773 0.50554503
-29.71485743 0.07861822 0.50369468
-29.69834917 0.07923154 0.50148965
-29.68184092 0.07972398 0.49974173
-29.66533267 0.08023607 0.49794440
-29.64882441 0.08086699 0.49575894
-29.63231616 0.08135514 0.49408365
-29.61580790 0.08183057 0.49247162
-29.59929965 0.08236561 0.49068141
-29.58279140 0.08296256 0.48870640
-29.56628314 0.08344213 0.48714084
-29.54977489 0.08400932 0.48531557
-29.53326663 0.08447835 0.48382770
-29.51675838 0.08500540 0.48217155
-29.50025013 0.08558176 0.48039243
-29.48374187 0.08601621 0.47906670
-29.46723362 0.08654779 0.47746759
-29.45072536 0.08707672 0.47589906
-29.43421711 0.08754960 0.47452270
-29.41770885 0.08806000 0.47305076
-29.40120060 0.08854857 0.47166834
-29.38469235 0.08907968 0.47018470
-29.36818409 0.08957019 0.46883933
-29.35167584 0.09006165 0.46751443
-29.33516758 0.09050446 0.46633908
-29.31865933 0.09101004 0.46501933
-29.30215108 0.09148047 0.46380986
-29.28564282 0.09196012 0.46260208
-29.26913457 0.09250542 0.46124913
-29.25262631 0.09295049 0.46016912
-29.23611806 0.09344635 0.45898668
-29.21960980 0.09388207 0.45796899
-29.20310155 0.09433836 0.45691877
-29.18659330 0.09483575 0.45580120
-29.17008504 0.09523881 0.45491104
-29.15357679 0.09570608 0.45390142
-29.13706853 0.09615431 0.45295339
-29.12056028 0.09663934 0.45194745
-29.10405203 0.09706877 0.45108068
-29.08754377 0.09753461 0.45015744
-29.07103552 0.09795762 0.44933880
-29.05452726 0.09840098 0.44850339
-29.03801901 0.09882464 0.44772105
-29.02151076 0.09924501 0.44696237
-29.00500250 0.09969913 0.44616634
-28.98849425 0.10012744 0.44543363
-28.97198599 0.10054011 0.44474721
-28.95547774 0.10097219 0.44404757
-28.93896948 0.10136040 0.44343211
-28.92246123 0.10176739 0.44280986
-28.90595298 0.10219353 0.44217445
-28.88944472 0.10257791 0.44161873
-28.87293647 0.10298832 0.44104267
-28.85642821 0.10337980 0.44050673
-28.83991996 0.10375324 0.44001607
-28.82341171 0.10418539 0.43946490
-28.80690345 0.10455760 0.43900720
-28.79039520 0.10492554 0.43856881
-28.77388694 0.10531393 0.43812107
-28.75737869 0.10568571 0.43771364
-28.74087044 0.10607156 0.43730057
-28.72436218 0.10642152 0.43694228
-28.70785393 0.10679630 0.43657267
-28.69134567 0.10713495 0.43625446
-28.67483742 0.10751373 0.43591147
-28.65832916 0.10784920 0.43562241
-28.64182091 0.10821665 0.43531915
-28.62531266 0.10856208 0.43504825
-28.60880440 0.10891109 0.43478860
-28.59229615 0.10924477 0.43455219
-28.57578789 0.10958415 0.43432607
-28.55927964 0.10991548 0.43411651
-28.54277139 0.11025000 0.43391867
-28.52626313 0.11057313 0.43374023
-28.50975488 0.11089407 0.43357392
-28.49324662 0.11121197 0.43341782
-28.47673837 0.11152360 0.43328101
-28.46023012 0.11183836 0.43315136
-28.44372186 0.11214383 0.43303784
-28.42721361 0.11244745 0.43293314
-28.41070535 0.11275482 0.43283934
-28.39419710 0.11305222 0.43275870
-28.37768884 0.11334665 0.43268847
-28.36118059 0.11363916 0.43262997
-28.34467234 0.11392531 0.43258220
-28.32816408 0.11421700 0.43254233
-28.31165583 0.11449451 0.43251437
-28.29514757 0.11476825 0.43249303
-28.27863932 0.11505357 0.43248172
-28.26213107 0.11532120 0.43247970
-28.24562281 0.11559521 0.43248615
-28.22911456 0.11585187 0.43249948
-28.21260630 0.11612412 0.43252295
-28.19609805 0.11637876 0.43255141
-28.17958979 0.11664063 0.43258905
-28.16308154 0.11689162 0.43263298
-28.14657329 0.11713664 0.43268182
-28.13006503 0.11739468 0.43274179
-28.11355678 0.11763822 0.43280387
-28.09704852 0.11787631 0.43287272
-28.08054027 0.11811133 0.43294621
-28.06403202 0.11835271 0.43302846
-28.04752376 0.11857960 0.43311176
-28.03101551 0.11881443 0.43320459
-28.01450725 0.11904052 0.43330010
-27.99799900 0.11926066 0.43339823
-27.98149075 0.11948500 0.43350378
-27.96498249 0.11969983 0.43361034
-27.94847424 0.11992171 0.43372641
-27.93196598 0.12013250 0.43384168
-27.91545773 0.12034211 0.43396144
-27.89894947 0.12055134 0.43408566
-27.88244122 0.12075262 0.43420999
-27.86593297 0.12095746 0.43434063
-27.84942471 0.12115284 0.43447158
-27.83291646 0.12135072 0.43460678
-27.81640820 0.12154411 0.43474343
-27.79989995 0.12173679 0.43488429
-27.78339170 0.12192615 0.43502584
-27.76688344 0.12211113 0.43516852
-27.75037519 0.12229624 0.43531613
-27.73386693 0.12247641 0.43546289
-27.71735868 0.12265407 0.43561087
-27.70085043 0.12283171 0.43576224
-27.68434217 0.12300424 0.43591372
-27.66783392 0.12317897 0.43606952
-27.65132566 0.12334722 0.43622331
-27.63481741 0.12351405 0.43637888
-27.61830915 0.12367729 0.43653330
-27.60180090 0.12384345 0.43669434
-27.58529265 0.12400115 0.43685076
-27.56878439 0.12415907 0.43700920
-27.55227614 0.12431596 0.43716984
-27.53576788 0.12447037 0.43733019
-27.51925963 0.12462124 0.43748957
-27.50275138 0.12476944 0.43764827
-27.48624312 0.12491789 0.43781070
-27.46973487 0.12506326 0.43797162
-27.45322661 0.12520819 0.43813394
-27.43671836 0.12534661 0.43829137
-27.42021011 0.12548530 0.43845121
-27.40370185 0.12562374 0.43861366
-27.38719360 0.12575728 0.43877111
-27.37068534 0.12589257 0.43893365
-27.35417709 0.12602299 0.43909202
-27.33766883 0.12615452 0.43925365
-27.32116058 0.12627992 0.43940909
-27.30465233 0.12640616 0.43956822
-27.28814407 0.12653079 0.43972651
-27.27163582 0.12665276 0.43988300
-27.25512756 0.12677427 0.44004090
-27.23861931 0.12689274 0.44019602
-27.22211106 0.12700995 0.44035150
-27.20560280 0.12712487 0.44050499
-27.18909455 0.12723826 0.44065805
-27.17258629 0.12734970 0.44080972
-27.15607804 0.12745958 0.44096058
-27.13956978 0.12756887 0.44111223
-27.12306153 0.12767695 0.44126314
-27.10655328 0.12778168 0.44141088
-27.09004502 0.12788641 0.44155949
-27.07353677 0.12798836 0.44170572
-27.05702851 0.12808824 0.44185023
-27.04052026 0.12818751 0.44199460
-27.02401201 0.12828644 0.44213919
-27.00750375 0.12838215 0.44228108
-26.99099550 0.12847705 0.44242182
-26.97448724 0.12857058 0.44256187
-26.95797899 0.12866308 0.44270156
-26.94147074 0.12875422 0.44284010
-26.92496248 0.12884350 0.44297636
-26.90845423 0.12893099 0.44311102
-26.89194597 0.12901883 0.44324689
-26.87543772 0.12910361 0.44337910
-26.85892946 0.12918837 0.44351162
-26.84242121 0.12927042 0.44364089
-26.82591296 0.12935227 0.44377074
-26.80940470 0.12943280 0.44389903
-26.79289645 0.12951251 0.44402698
-26.77638819 0.12959080 0.44415302
-26.75987994 0.12966678 0.44427632
-26.74337169 0.12974253 0.44439954
-26.72686343 0.12981719 0.44452175
-26.71035518 0.12989025 0.44464228
-26.69384692 0.12996291 0.44476223
-26.67733867 0.13003394 0.44488057
-26.66083042 0.13010408 0.44499758
-26.64432216 0.13017280 0.44511295
-26.62781391 0.13024086 0.44522761
-26.61130565 0.13030770 0.44534091
-26.59479740 0.13037394 0.44545343
-26.57828914 0.13043862 0.44556412
-26.56178089 0.13050249 0.44567365
-26.54527264 0.13056515 0.44578160
-26.52876438 0.13062728 0.44588932
-26.51225613 0.13068806 0.44599500
-26.49574787 0.13074801 0.44609957
-26.47923962 0.13080703 0.44620315
-26.46273137 0.13086535 0.44630573
-26.44622311 0.13092259 0.44640671
-26.42971486 0.13097884 0.44650657
-26.41320660 0.13103431 0.44660512
-26.39669835 0.13108912 0.44670320
-26.38019010 0.13114284 0.44679950
-26.36368184 0.13119564 0.44689457
-26.34717359 0.13124764 0.44698862
-26.33066533 0.13129908 0.44708183
-26.31415708 0.13134951 0.44717344
-26.29764882 0.13139931 0.44726433
-26.28114057 0.13144818 0.44735400
-26.26463232 0.13149636 0.44744243
-26.24812406 0.13154379 0.44752988
-26.23161581 0.13159043 0.44761618
-26.21510755 0.13163640 0.44770160
-26.19859930 0.13168174 0.44778606
-26.18209105 0.13172608 0.44786880
-26.16558279 0.13176992 0.44795108
-26.14907454 0.13181312 0.44803234
-26.13256628 0.13185558 0.44811239
-26.11605803 0.13189724 0.44819122
-26.09954977 0.13193843 0.44826930
-26.08304152 0.13197881 0.44834643
-26.06653327 0.13201868 0.44842237
-26.05002501 0.13205790 0.44849766
-26.03351676 0.13209646 0.44857179
-26.01700850 0.13213442 0.44864490
-26.00050025 0.13217186 0.44871729
-25.98399200 0.13220866 0.44878872
-25.96748374 0.13224471 0.44885874
-25.95097549 0.13228036 0.44892840
-25.93446723 0.13231553 0.44899721
-25.91795898 0.13235002 0.44906485
-25.90145073 0.13238386 0.44913152
-25.88494247 0.13241741 0.44919773
-25.86843422 0.13245027 0.44926284
-25.85192596 0.13248263 0.44932706
-25.83541771 0.13251452 0.44939062
-25.81890945 0.13254582 0.44945317
-25.80240120 0.13257668 0.44951489
-25.78589295 0.13260701 0.44957595
-25.76938469 0.13263694 0.44963630
-25.75287644 0.13266637 0.44969579
-25.73636818 0.13269520 0.44975424
-25.71985993 0.13272377 0.44981239
-25.70335168 0.13275180 0.44986962
-25.68684342 0.13277935 0.44992602
-25.67033517 0.13280643 0.44998160
-25.65382691 0.13283316 0.45003667
-25.63731866 0.13285938 0.45009079
-25.62081041 0.13288529 0.45014448
-25.60430215 0.13291073 0.45019736
-25.58779390 0.13293577 0.45024961
-25.57128564 0.13296043 0.45030123
-25.55477739 0.13298465 0.45035205
-25.53826913 0.13300854 0.45040236
-25.52176088 0.13303198 0.45045184
-25.50525263 0.13305507 0.45050086
-25.48874437 0.13307778 0.45054918
-25.47223612 0.13310018 0.45059700
-25.45572786 0.13312219 0.45064417
-25.43921961 0.13314381 0.45069062
-25.42271136 0.13316516 0.45073662
-25.40620310 0.13318611 0.45078206
-25.38969485 0.13320675 0.45082689
-25.37318659 0.13322704 0.45087112
-25.35667834 0.13324705 0.45091484
-25.34017009 0.13326669 0.45095804
-25.32366183 0.13328606 0.45100079
-25.30715358 0.13330505 0.45104285
-25.29064532 0.13332381 0.45108452
-25.27413707 0.13334221 0.45112555
-25.25762881 0.13336033 0.45116608
-25.24112056 0.13337818 0.45120627
-25.22461231 0.13339574 0.45124591
-25.20810405 0.13341304 0.45128516
-25.19159580 0.13342998 0.45132375
-25.17508754 0.13344672 0.45136198
-25.15857929 0.13346318 0.45139985
-25.14207104 0.13347937 0.45143723
-25.12556278 0.13349529 0.45147412
-25.10905453 0.13351099 0.45151063
-25.09254627 0.13352642 0.45154672
-25.07603802 0.13354159 0.45158240
-25.05952976 0.13355651 0.45161768
-25.04302151 0.13357122 0.45165256
-25.02651326 0.13358568 0.45168707
-25.01000500 0.13359990 0.45172114
-24.99349675 0.13361392 0.45175494
-24.97698849 0.13362768 0.45178825
-24.96048024 0.13364125 0.45182126
-24.94397199 0.13365458 0.45185394
-24.92746373 0.13366770 0.45188621
-24.91095548 0.13368062 0.45191819
-24.89444722 0.13369332 0.45194982
-24.87793897 0.13370582 0.45198107
-24.86143072 0.13371814 0.45201211
-24.84492246 0.13373025 0.45204277
-24.82841421 0.13374215 0.45207310
-24.81190595 0.13375388 0.45210312
-24.79539770 0.13376542 0.45213288
-24.77888944 0.13377677 0.45216237
-24.76238119 0.13378794 0.45219153
-24.74587294 0.13379893 0.45222041
-24.72936468 0.13380975 0.45224903
-24.71285643 0.13382040 0.45227737
-24.69634817 0.13383088 0.45230549
-24.67983992 0.13384118 0.45233328
-24.66333167 0.13385133 0.45236086
-24.64682341 0.13386131 0.45238815
-24.63031516 0.13387113 0.45241523
-24.61380690 0.13388080 0.45244208
-24.59729865 0.13389032 0.45246870
-24.58079040 0.13389969 0.45249507
-24.56428214 0.13390889 0.45252121
-24.54777389 0.13391797 0.45254718
-24.53126563 0.13392689 0.45257288
-24.51475738 0.13393568 0.45259841
-24.49824912 0.13394432 0.45262370
-24.48174087 0.13395284 0.45264881
-24.46523262 0.13396121 0.45267371
-24.44872436 0.13396945 0.45269839
-24.43221611 0.13397757 0.45272293
-24.41570785 0.13398555 0.45274729
-24.39919960 0.13399341 0.45277144
-24.38269135 0.13400115 0.45279543
-24.36618309 0.13400877 0.45281925
-24.34967484 0.13401626 0.45284288
-24.33316658 0.13402364 0.45286636
-24.31665833 0.13403091 0.45288968
-24.30015008 0.13403806 0.45291283
-24.28364182 0.13404509 0.45293581
-24.26713357 0.13405202 0.45295867
-24.25062531 0.13405885 0.45298138
-24.23411706 0.13406556 0.45300393
-24.21760880 0.13407217 0.45302635
-24.20110055 0.13407868 0.45304861
-24.18459230 0.13408509 0.45307073
-24.16808404 0.13409140 0.45309275
-24.15157579 0.13409762 0.45311465
-24.13506753 0.13410373 0.45313636
-24.11855928 0.13410976 0.45315800
-24.10205103 0.13411569 0.45317949
-24.08554277 0.13412153 0.45320086
-24.06903452 0.13412729 0.45322214
-24.05252626 0.13413295 0.45324328
-24.03601801 0.13413853 0.45326430
-24.01950975 0.13414402 0.45328522
-24.00300150 0.13414943 0.45330603
-23.98649325 0.13415476 0.45332674
-23.96998499 0.13416001 0.45334734
-23.95347674 0.13416518 0.45336783
-23.93696848 0.13417027 0.45338822
-23.92046023 0.13417528 0.45340853
-23.90395198 0.13418022 0.45342872
-23.88744372 0.13418509 0.45344883
-23.87093547 0.13418989 0.45346884
-23.85442721 0.13419461 0.45348876
-23.83791896 0.13419926 0.45350858
-23.82141071 0.13420385 0.45352832
-23.80490245 0.13420837 0.45354796
-23.78839420 0.13421282 0.45356752
-23.77188594 0.13421720 0.45358699
-23.75537769 0.13422153 0.45360637
-23.73886943 0.13422579 0.45362570
-23.72236118 0.13422998 0.45364491
-23.70585293 0.13423412 0.45366405
-23.68934467 0.13423820 0.45368311
-23.67283642 0.13424221 0.45370208
-23.65632816 0.13424618 0.45372099
-23.63981991 0.13425008 0.45373980
-23.62331166 0.13425393 0.45375854
-23.60680340 0.13425772 0.45377721
-23.59029515 0.13426146 0.45379580
-23.57378689 0.13426515 0.45381431
-23.55727864 0.13426878 0.45383274
-23.54077039 0.13427237 0.45385110
-23.52426213 0.13427590 0.45386939
-23.50775388 0.13427939 0.45388759
-23.49124562 0.13428282 0.45390572
-23.47473737 0.13428621 0.45392379
-23.45822911 0.13428955 0.45394177
-23.44172086 0.13429285 0.45395968
-23.42521261 0.13429610 0.45397752
-23.40870435 0.13429931 0.45399529
-23.39219610 0.13430247 0.45401298
-23.37568784 0.13430559 0.45403059
-23.35917959 0.13430867 0.45404814
-23.34267134 0.13431170 0.45406560
-23.32616308 0.13431470 0.45408300
-23.30965483 0.13431766 0.45410032
-23.29314657 0.13432057 0.45411756
-23.27663832 0.13432345 0.45413473
-23.26013007 0.13432629 0.45415182
-23.24362181 0.13432909 0.45416883
-23.22711356 0.13433185 0.45418577
-23.21060530 0.13433458 0.45420263
-23.19409705 0.13433728 0.45421942
-23.17758879 0.13433993 0.45423613
-23.16108054 0.13434256 0.45425276
-23.14457229 0.13434515 0.45426931
-23.12806403 0.13434770 0.45428578
-23.11155578 0.13435023 0.45430217
-23.09504752 0.13435272 0.45431849
-23.07853927 0.13435518 0.45433472
-23.06203102 0.13435761 0.45435087
-23.04552276 0.13436000 0.45436694
-23.02901451 0.13436237 0.45438292
-23.01250625 0.13436471 0.45439883
-22.99599800 0.13436702 0.45441465
-22.97948974 0.13436929 0.45443039
-22.96298149 0.13437154 0.45444604
-22.94647324 0.13437377 0.45446160
-22.92996498 0.13437596 0.45447708
-22.91345673 0.13437813 0.45449247
-22.89694847 0.13438027 0.45450777
-22.88044022 0.13438238 0.45452298
-22.86393197 0.13438447 0.45453811
-22.84742371 0.13438654 0.45455314
-22.83091546 0.13438857 0.45456808
-22.81440720 0.13439059 0.45458293
-22.79789895 0.13439257 0.45459769
-22.78139070 0.13439454 0.45461236
-22.76488244 0.13439648 0.45462693
-22.74837419 0.13439840 0.45464141
-22.73186593 0.13440029 0.45465579
-22.71535768 0.13440216 0.45467007
-22.69884942 0.13440401 0.45468426
-22.68234117 0.13440583 0.45469835
-22.66583292 0.13440764 0.45471235
-22.64932466 0.13440942 0.45472624
-22.63281641 0.13441118 0.45474004
-22.61630815 0.13441292 0.45475373
-22.59979990 0.13441464 0.45476732
-22.58329165 0.13441634 0.45478081
-22.56678339 0.13441802 0.45479421
-22.55027514 0.13441968 0.45480749
-22.53376688 0.13442132 0.45482068
-22.51725863 0.13442294 0.45483375
-22.50075038 0.13442454 0.45484673
-22.48424212 0.13442612 0.45485960
-22.46773387 0.13442768 0.45487236
-22.45122561 0.13442923 0.45488502
-22.43471736 0.13443075 0.45489757
-22.41820910 0.13443226 0.45491001
-22.40170085 0.13443375 0.45492234
-22.38519260 0.13443522 0.45493457
-22.36868434 0.13443668 0.45494668
-22.35217609 0.13443812 0.45495869
-22.33566783 0.13443954 0.45497058
-22.31915958 0.13444094 0.45498237
-22.30265133 0.13444233 0.45499404
-22.28614307 0.13444370 0.45500561
-22.26963482 0.13444505 0.45501706
-22.25312656 0.13444639 0.45502840
-22.23661831 0.13444771 0.45503962
-22.22011006 0.13444902 0.45505074
-22.20360180 0.13445031 0.45506174
-22.18709355 0.13445159 0.45507262
-22.17058529 0.13445285 0.45508340
-22.15407704 0.13445410 0.45509406
-22.13756878 0.13445533 0.45510460
-22.12106053 0.13445655 0.45511503
-22.10455228 0.13445775 0.45512535
-22.08804402 0.13445894 0.45513555
-22.07153577 0.13446011 0.45514564
-22.05502751 0.13446127 0.45515561
-22.03851926 0.13446241 0.45516546
-22.02201101 0.13446355 0.45517520
-22.00550275 0.13446467 0.45518482
-21.98899450 0.13446577 0.45519433
-21.97248624 0.13446686 0.45520372
-21.95597799 0.13446794 0.45521300
-21.93946973 0.13446901 0.45522216
-21.92296148 0.13447006 0.45523120
-21.90645323 0.13447110 0.45524013
-21.88994497 0.13447213 0.45524894
-21.87343672 0.13447314 0.45525763
-21.85692846 0.13447415 0.45526621
-21.84042021 0.13447514 0.45527467
-21.82391196 0.13447612 0.45528302
-21.80740370 0.13447708 0.45529125
-21.79089545 0.13447804 0.45529936
-21.77438719 0.13447898 0.45530736
-21.75787894 0.13447992 0.45531524
-21.74137069 0.13448084 0.45532301
-21.72486243 0.13448175 0.45533066
-21.70835418 0.13448265 0.45533819
-21.69184592 0.13448353 0.45534561
-21.67533767 0.13448441 0.45535291
-21.65882941 0.13448528 0.45536010
-21.64232116 0.13448613 0.45536717
-21.62581291 0.13448698 0.45537413
-21.60930465 0.13448781 0.45538098
-21.59279640 0.13448864 0.45538771
-21.57628814 0.13448945 0.45539432
-21.55977989 0.13449026 0.45540082
-21.54327164 0.13449105 0.45540721
-21.52676338 0.13449184 0.45541348
-21.51025513 0.13449261 0.45541964
-21.49374687 0.13449338 0.45542568
-21.47723862 0.13449413 0.45543162
-21.46073037 0.13449488 0.45543744
-21.44422211 0.13449562 0.45544314
-21.42771386 0.13449635 0.45544874
-21.41120560 0.13449707 0.45545422
-21.39469735 0.13449778 0.45545959
-21.37818909 0.13449849 0.45546485
-21.36168084 0.13449918 0.45547000
-21.34517259 0.13449987 0.45547503
-21.32866433 0.13450054 0.45547996
-21.31215608 0.13450121 0.45548477
-21.29564782 0.13450188 0.45548948
-21.27913957 0.13450253 0.45549407
-21.26263132 0.13450318 0.45549855
-21.24612306 0.13450381 0.45550293
-21.22961481 0.13450444 0.45550719
-21.21310655 0.13450507 0.45551135
-21.19659830 0.13450568 0.45551539
-21.18009005 0.13450629 0.45551933
-21.16358179 0.13450689 0.45552316
-21.14707354 0.13450749 0.45552688
-21.13056528 0.13450808 0.45553049
-21.11405703 0.13450866 0.45553399
-21.09754877 0.13450923 0.45553739
-21.08104052 0.13450980 0.45554068
-21.06453227 0.13451036 0.45554386
-21.04802401 0.13451091 0.45554694
-21.03151576 0.13451146 0.45554991
-21.01500750 0.13451201 0.45555277
-20.99849925 0.13451254 0.45555553
-20.98199100 0.13451307 0.45555818
-20.96548274 0.13451360 0.45556072
-20.94897449 0.13451412 0.45556316
-20.93246623 0.13451463 0.45556549
-20.91595798 0.13451514 0.45556772
-20.89944972 0.13451565 0.45556984
-20.88294147 0.13451615 0.45557186
-20.86643322 0.13451664 0.45557378
-20.84992496 0.13451713 0.45557558
-20.83341671 0.13451761 0.45557729
-20.81690845 0.13451809 0.45557889
-20.80040020 0.13451857 0.45558039
-20.78389195 0.13451904 0.45558178
-20.76738369 0.13451951 0.45558307
-20.75087544 0.13451997 0.45558425
-20.73436718 0.13452043 0.45558533
-20.71785893 0.13452088 0.45558631
-20.70135068 0.13452133 0.45558718
-20.68484242 0.13452178 0.45558796
-20.66833417 0.13452222 0.45558862
-20.65182591 0.13452266 0.45558919
-20.63531766 0.13452310 0.45558965
-20.61880940 0.13452354 0.45559001
-20.60230115 0.13452397 0.45559027
-20.58579290 0.13452440 0.45559042
-20.56928464 0.13452482 0.45559047
-20.55277639 0.13452525 0.45559042
-20.53626813 0.13452567 0.45559026
-20.51975988 0.13452609 0.45559001
-20.50325163 0.13452650 0.45558965
-20.48674337 0.13452692 0.45558918
-20.47023512 0.13452733 0.45558862
-20.45372686 0.13452774 0.45558795
-20.43721861 0.13452815 0.45558718
-20.42071036 0.13452856 0.45558631
-20.40420210 0.13452897 0.45558533
-20.38769385 0.13452938 0.45558426
-20.37118559 0.13452978 0.45558308
-20.35467734 0.13453019 0.45558179
-20.33816908 0.13453059 0.45558041
-20.32166083 0.13453099 0.45557892
-20.30515258 0.13453140 0.45557733
-20.28864432 0.13453180 0.45557564
-20.27213607 0.13453220 0.45557384
-20.25562781 0.13453261 0.45557194
-20.23911956 0.13453301 0.45556994
-20.22261131 0.13453342 0.45556783
-20.20610305 0.13453382 0.45556562
-20.18959480 0.13453423 0.45556331
-20.17308654 0.13453464 0.45556090
-20.15657829 0.13453504 0.45555838
-20.14007004 0.13453545 0.45555576
-20.12356178 0.13453587 0.45555303
-20.10705353 0.13453628 0.45555021
-20.09054527 0.13453669 0.45554727
-20.07403702 0.13453711 0.45554424
-20.05752876 0.13453753 0.45554110
-20.04102051 0.13453795 0.45553785
-20.02451226 0.13453838 0.45553451
-20.00800400 0.13453881 0.45553106
-19.99149575 0.13453924 0.45552750
-19.97498749 0.13453967 0.45552384
-19.95847924 0.13454011 0.45552008
-19.94197099 0.13454055 0.45551621
-19.92546273 0.13454100 0.45551223
-19.90895448 0.13454145 0.45550816
-19.89244622 0.13454190 0.45550397
-19.87593797 0.13454236 0.45549969
-19.85942971 0.13454283 0.45549529
-19.84292146 0.13454330 0.45549080
-19.82641321 0.13454377 0.45548619
-19.80990495 0.13454425 0.45548149
-19.79339670 0.13454474 0.45547667
-19.77688844 0.13454523 0.45547176
-19.76038019 0.13454573 0.45546674
-19.74387194 0.13454624 0.45546161
-19.72736368 0.13454675 0.45545638
-19.71085543 0.13454727 0.45545104
-19.69434717 0.13454779 0.45544559
-19.67783892 0.13454833 0.45544005
-19.66133067 0.13454887 0.45543439
-19.64482241 0.13454942 0.45542863
-19.62831416 0.13454998 0.45542277
-19.61180590 0.13455054 0.45541680
-19.59529765 0.13455112 0.45541073
-19.57878939 0.13455170 0.45540455
-19.56228114 0.13455230 0.45539827
-19.54577289 0.13455290 0.45539188
-19.52926463 0.13455352 0.45538539
-19.51275638 0.13455414 0.45537879
-19.49624812 0.13455478 0.45537209
-19.47973987 0.13455542 0.45536528
-19.46323162 0.13455608 0.45535837
-19.44672336 0.13455675 0.45535136
-19.43021511 0.13455743 0.45534424
-19.41370685 0.13455812 0.45533702
-19.39719860 0.13455883 0.45532970
-19.38069035 0.13455954 0.45532227
-19.36418209 0.13456027 0.45531474
-19.34767384 0.13456102 0.45530711
-19.33116558 0.13456178 0.45529938
-19.31465733 0.13456255 0.45529155
-19.29814907 0.13456333 0.45528361
-19.28164082 0.13456413 0.45527558
-19.26513257 0.13456495 0.45526744
-19.24862431 0.13456578 0.45525921
-19.23211606 0.13456663 0.45525087
-19.21560780 0.13456749 0.45524244
-19.19909955 0.13456837 0.45523391
-19.18259130 0.13456927 0.45522528
-19.16608304 0.13457018 0.45521655
-19.14957479 0.13457111 0.45520773
-19.13306653 0.13457205 0.45519881
-19.11655828 0.13457302 0.45518980
-19.10005003 0.13457400 0.45518069
-19.08354177 0.13457501 0.45517149
-19.06703352 0.13457603 0.45516219
-19.05052526 0.13457707 0.45515281
-19.03401701 0.13457813 0.45514333
-19.01750875 0.13457921 0.45513376
-19.00100050 0.13458031 0.45512410
-18.98449225 0.13458143 0.45511436
-18.96798399 0.13458257 0.45510452
-18.95147574 0.13458373 0.45509461
-18.93496748 0.13458492 0.45508460
-18.91845923 0.13458612 0.45507451
-18.90195098 0.13458735 0.45506434
-18.88544272 0.13458860 0.45505408
-18.86893447 0.13458988 0.45504375
-18.85242621 0.13459117 0.45503333
-18.83591796 0.13459249 0.45502283
-18.81940970 0.13459384 0.45501226
-18.80290145 0.13459521 0.45500161
-18.78639320 0.13459660 0.45499089
-18.76988494 0.13459802 0.45498010
-18.75337669 0.13459946 0.45496923
-18.73686843 0.13460092 0.45495829
-18.72036018 0.13460242 0.45494728
-18.70385193 0.13460394 0.45493621
-18.68734367 0.13460548 0.45492507
-18.67083542 0.13460705 0.45491387
-18.65432716 0.13460865 0.45490260
-18.63781891 0.13461027 0.45489127
-18.62131066 0.13461192 0.45487988
-18.60480240 0.13461360 0.45486844
-18.58829415 0.13461531 0.45485694
-18.57178589 0.13461704 0.45484539
-18.55527764 0.13461880 0.45483378
-18.53876938 0.13462059 0.45482213
-18.52226113 0.13462241 0.45481042
-18.50575288 0.13462426 0.45479867
-18.48924462 0.13462613 0.45478688
-18.47273637 0.13462803 0.45477504
-18.45622811 0.13462997 0.45476316
-18.43971986 0.13463193 0.45475125
-18.42321161 0.13463392 0.45473930
-18.40670335 0.13463594 0.45472731
-18.39019510 0.13463799 0.45471530
-18.37368684 0.13464007 0.45470325
-18.35717859 0.13464217 0.45469118
-18.34067034 0.13464431 0.45467908
-18.32416208 0.13464648 0.45466696
-18.30765383 0.13464867 0.45465482
-18.29114557 0.13465090 0.45464266
-18.27463732 0.13465316 0.45463049
-18.25812906 0.13465544 0.45461830
-18.24162081 0.13465776 0.45460610
-18.22511256 0.13466010 0.45459389
-18.20860430 0.13466248 0.45458168
-18.19209605 0.13466488 0.45456946
-18.17558779 0.13466732 0.45455725
-18.15907954 0.13466978 0.45454503
-18.14257129 0.13467228 0.45453282
-18.12606303 0.13467480 0.45452061
-18.10955478 0.13467735 0.45450842
-18.09304652 0.13467993 0.45449623
-18.07653827 0.13468254 0.45448406
-18.06003002 0.13468518 0.45447191
-18.04352176 0.13468785 0.45445978
-18.02701351 0.13469054 0.45444767
-18.01050525 0.13469327 0.45443558
-17.99399700 0.13469602 0.45442352
-17.97748874 0.13469880 0.45441149
-17.96098049 0.13470160 0.45439950
-17.94447224 0.13470444 0.45438754
-17.92796398 0.13470730 0.45437562
-17.91145573 0.13471019 0.45436374
-17.89494747 0.13471310 0.45435190
-17.87843922 0.13471604 0.45434012
-17.86193097 0.13471901 0.45432838
-17.84542271 0.13472200 0.45431669
-17.82891446 0.13472502 0.45430506
-17.81240620 0.13472807 0.45429348
-17.79589795 0.13473113 0.45428197
-17.77938969 0.13473422 0.45427051
-17.76288144 0.13473734 0.45425913
-17.74637319 0.13474048 0.45424781
-17.72986493 0.13474364 0.45423656
-17.71335668 0.13474683 0.45422539
-17.69684842 0.13475003 0.45421429
-17.68034017 0.13475326 0.45420327
-17.66383192 0.13475651 0.45419234
-17.64732366 0.13475978 0.45418148
-17.63081541 0.13476307 0.45417072
-17.61430715 0.13476639 0.45416005
-17.59779890 0.13476972 0.45414946
-17.58129065 0.13477307 0.45413898
-17.56478239 0.13477644 0.45412859
-17.54827414 0.13477983 0.45411830
-17.53176588 0.13478323 0.45410811
-17.51525763 0.13478665 0.45409803
-17.49874937 0.13479009 0.45408806
-17.48224112 0.13479355 0.45407820
-17.46573287 0.13479702 0.45406845
-17.44922461 0.13480051 0.45405882
-17.43271636 0.13480401 0.45404931
-17.41620810 0.13480753 0.45403991
-17.39969985 0.13481106 0.45403064
-17.38319160 0.13481460 0.45402150
-17.36668334 0.13481816 0.45401248
-17.35017509 0.13482172 0.45400360
-17.33366683 0.13482531 0.45399484
-17.31715858 0.13482890 0.45398623
-17.30065033 0.13483250 0.45397775
-17.28414207 0.13483612 0.45396941
-17.26763382 0.13483974 0.45396121
-17.25112556 0.13484337 0.45395316
-17.23461731 0.13484702 0.45394526
-17.21810905 0.13485067 0.45393750
-17.20160080 0.13485433 0.45392990
-17.18509255 0.13485800 0.45392245
-17.16858429 0.13486167 0.45391515
-17.15207604 0.13486535 0.45390802
-17.13556778 0.13486904 0.45390105
-17.11905953 0.13487274 0.45389423
-17.10255128 0.13487644 0.45388759
-17.08604302 0.13488015 0.45388111
-17.06953477 0.13488386 0.45387480
-17.05302651 0.13488758 0.45386866
-17.03651826 0.13489130 0.45386270
-17.02001001 0.13489502 0.45385691
-17.00350175 0.13489875 0.45385130
-16.98699350 0.13490249 0.45384586
-16.97048524 0.13490622 0.45384061
-16.95397699 0.13490996 0.45383555
-16.93746873 0.13491371 0.45383067
-16.92096048 0.13491745 0.45382598
-16.90445223 0.13492120 0.45382147
-16.88794397 0.13492495 0.45381716
-16.87143572 0.13492870 0.45381305
-16.85492746 0.13493246 0.45380913
-16.83841921 0.13493621 0.45380540
-16.82191096 0.13493997 0.45380188
-16.80540270 0.13494373 0.45379856
-16.78889445 0.13494749 0.45379544
-16.77238619 0.13495125 0.45379253
-16.75587794 0.13495502 0.45378982
-16.73936968 0.13495878 0.45378733
-16.72286143 0.13496255 0.45378505
-16.70635318 0.13496632 0.45378297
-16.68984492 0.13497009 0.45378112
-16.67333667 0.13497387 0.45377948
-16.65682841 0.13497764 0.45377806
-16.64032016 0.13498142 0.45377686
-16.62381191 0.13498520 0.45377588
-16.60730365 0.13498898 0.45377513
-16.59079540 0.13499276 0.45377461
-16.57428714 0.13499655 0.45377431
-16.55777889 0.13500034 0.45377424
-16.54127064 0.13500414 0.45377441
-16.52476238 0.13500794 0.45377481
-16.50825413 0.13501174 0.45377544
-16.49174587 0.13501555 0.45377631
-16.47523762 0.13501936 0.45377743
-16.45872936 0.13502318 0.45377878
-16.44222111 0.13502701 0.45378038
-16.42571286 0.13503084 0.45378222
-16.40920460 0.13503468 0.45378431
-16.39269635 0.13503853 0.45378665
-16.37618809 0.13504239 0.45378924
-16.35967984 0.13504625 0.45379209
-16.34317159 0.13505013 0.45379519
-16.32666333 0.13505401 0.45379854
-16.31015508 0.13505791 0.45380216
-16.29364682 0.13506182 0.45380604
-16.27713857 0.13506575 0.45381018
-16.26063032 0.13506968 0.45381459
-16.24412206 0.13507364 0.45381926
-16.22761381 0.13507761 0.45382420
-16.21110555 0.13508159 0.45382942
-16.19459730 0.13508560 0.45383490
-16.17808904 0.13508962 0.45384067
-16.16158079 0.13509366 0.45384671
-16.14507254 0.13509773 0.45385303
-16.12856428 0.13510181 0.45385963
-16.11205603 0.13510592 0.45386652
-16.09554777 0.13511006 0.45387370
-16.07903952 0.13511422 0.45388116
-16.06253127 0.13511841 0.45388891
-16.04602301 0.13512263 0.45389696
-16.02951476 0.13512688 0.45390530
-16.01300650 0.13513117 0.45391394
-15.99649825 0.13513548 0.45392288
-15.97998999 0.13513983 0.45393212
-15.96348174 0.13514422 0.45394167
-15.94697349 0.13514865 0.45395152
-15.93046523 0.13515312 0.45396169
-15.91395698 0.13515763 0.45397216
-15.89744872 0.13516218 0.45398295
-15.88094047 0.13516678 0.45399406
-15.86443222 0.13517143 0.45400548
-15.84792396 0.13517613 0.45401723
-15.83141571 0.13518088 0.45402930
-15.81490745 0.13518568 0.45404169
-15.79839920 0.13519054 0.45405442
-15.78189095 0.13519546 0.45406748
-15.76538269 0.13520044 0.45408087
-15.74887444 0.13520548 0.45409460
-15.73236618 0.13521059 0.45410867
-15.71585793 0.13521577 0.45412308
-15.69934967 0.13522101 0.45413783
-15.68284142 0.13522633 0.45415293
-15.66633317 0.13523172 0.45416839
-15.64982491 0.13523719 0.45418419
-15.63331666 0.13524275 0.45420035
-15.61680840 0.13524838 0.45421687
-15.60030015 0.13525410 0.45423375
-15.58379190 0.13525991 0.45425099
-15.56728364 0.13526582 0.45426860
-15.55077539 0.13527182 0.45428658
-15.53426713 0.13527791 0.45430493
-15.51775888 0.13528411 0.45432366
-15.50125063 0.13529041 0.45434276
-15.48474237 0.13529682 0.45436224
-15.46823412 0.13530334 0.45438211
-15.45172586 0.13530998 0.45440236
-15.43521761 0.13531673 0.45442300
-15.41870935 0.13532361 0.45444404
-15.40220110 0.13533061 0.45446547
-15.38569285 0.13533774 0.45448729
-15.36918459 0.13534500 0.45450952
-15.35267634 0.13535239 0.45453214
-15.33616808 0.13535993 0.45455518
-15.31965983 0.13536761 0.45457862
-15.30315158 0.13537544 0.45460247
-15.28664332 0.13538342 0.45462674
-15.27013507 0.13539156 0.45465143
-15.25362681 0.13539985 0.45467653
-15.23711856 0.13540832 0.45470206
-15.22061031 0.13541694 0.45472801
-15.20410205 0.13542575 0.45475440
-15.18759380 0.13543473 0.45478121
-15.17108554 0.13544389 0.45480845
-15.15457729 0.13545324 0.45483614
-15.13806903 0.13546277 0.45486426
-15.12156078 0.13547251 0.45489282
-15.10505253 0.13548244 0.45492183
-15.08854427 0.13549258 0.45495128
-15.07203602 0.13550293 0.45498118
-15.05552776 0.13551349 0.45501154
-15.03901951 0.13552428 0.45504235
-15.02251126 0.13553529 0.45507361
-15.00600300 0.13554652 0.45510533
-14.98949475 0.13555800 0.45513752
-14.97298649 0.13556971 0.45517017
-14.95647824 0.13558167 0.45520328
-14.93996998 0.13559387 0.45523687
-14.92346173 0.13560634 0.45527092
-14.90695348 0.13561906 0.45530544
-14.89044522 0.13563205 0.45534044
-14.87393697 0.13564531 0.45537592
-14.85742871 0.13565885 0.45541187
-14.84092046 0.13567267 0.45544830
-14.82441221 0.13568678 0.45548521
-14.80790395 0.13570119 0.45552261
-14.79139570 0.13571589 0.45556049
-14.77488744 0.13573090 0.45559886
-14.75837919 0.13574621 0.45563771
-14.74187094 0.13576185 0.45567705
-14.72536268 0.13577780 0.45571688
-14.70885443 0.13579408 0.45575720
-14.69234617 0.13581070 0.45579802
-14.67583792 0.13582765 0.45583932
-14.65932966 0.13584495 0.45588112
-14.64282141 0.13586259 0.45592342
-14.62631316 0.13588060 0.45596621
-14.60980490 0.13589896 0.45600949
-14.59329665 0.13591769 0.45605327
-14.57678839 0.13593679 0.45609754
-14.56028014 0.13595627 0.45614231
-14.54377189 0.13597613 0.45618757
-14.52726363 0.13599638 0.45623333
-14.51075538 0.13601702 0.45627958
-14.49424712 0.13603807 0.45632633
-14.47773887 0.13605952 0.45637357
-14.46123062 0.13608138 0.45642131
-14.44472236 0.13610365 0.45646953
-14.42821411 0.13612635 0.45651825
-14.41170585 0.13614947 0.45656745
-14.39519760 0.13617302 0.45661714
-14.37868934 0.13619701 0.45666732
-14.36218109 0.13622143 0.45671799
-14.34567284 0.13624631 0.45676913
-14.32916458 0.13627163 0.45682076
-14.31265633 0.13629741 0.45687286
-14.29614807 0.13632365 0.45692544
-14.27963982 0.13635035 0.45697849
-14.26313157 0.13637752 0.45703201
-14.24662331 0.13640516 0.45708600
-14.23011506 0.13643328 0.45714045
-14.21360680 0.13646187 0.45719536
-14.19709855 0.13649095 0.45725073
-14.18059030 0.13652052 0.45730655
-14.16408204 0.13655058 0.45736282
-14.14757379 0.13658113 0.45741954
-14.13106553 0.13661218 0.45747669
-14.11455728 0.13664373 0.45753428
-14.09804902 0.13667578 0.45759230
-14.08154077 0.13670834 0.45765075
-14.06503252 0.13674141 0.45770961
-14.04852426 0.13677498 0.45776889
-14.03201601 0.13680907 0.45782858
-14.01550775 0.13684368 0.45788867
-13.99899950 0.13687880 0.45794916
-13.98249125 0.13691443 0.45801005
-13.96598299 0.13695059 0.45807131
-13.94947474 0.13698726 0.45813295
-13.93296648 0.13702446 0.45819497
-13.91645823 0.13706217 0.45825734
-13.89994997 0.13710041 0.45832007
-13.88344172 0.13713917 0.45838315
-13.86693347 0.13717845 0.45844658
-13.85042521 0.13721826 0.45851033
-13.83391696 0.13725858 0.45857441
-13.81740870 0.13729942 0.45863880
-13.80090045 0.13734078 0.45870350
-13.78439220 0.13738266 0.45876850
-13.76788394 0.13742506 0.45883379
-13.75137569 0.13746797 0.45889936
-13.73486743 0.13751140 0.45896520
-13.71835918 0.13755533 0.45903130
-13.70185093 0.13759977 0.45909765
-13.68534267 0.13764472 0.45916424
-13.66883442 0.13769017 0.45923107
-13.65232616 0.13773611 0.45929811
-13.63581791 0.13778255 0.45936537
-13.61930965 0.13782949 0.45943282
-13.60280140 0.13787691 0.45950046
-13.58629315 0.13792481 0.45956828
-13.56978489 0.13797320 0.45963627
-13.55327664 0.13802205 0.45970441
-13.53676838 0.13807138 0.45977269
-13.52026013 0.13812117 0.45984111
-13.50375188 0.13817142 0.45990964
-13.48724362 0.13822212 0.45997828
-13.47073537 0.13827327 0.46004701
-13.45422711 0.13832486 0.46011583
-13.43771886 0.13837688 0.46018472
-13.42121061 0.13842933 0.46025367
-13.40470235 0.13848220 0.46032266
-13.38819410 0.13853549 0.46039169
-13.37168584 0.13858918 0.46046073
-13.35517759 0.13864327 0.46052978
-13.33866933 0.13869775 0.46059883
-13.32216108 0.13875262 0.46066785
-13.30565283 0.13880786 0.46073684
-13.28914457 0.13886347 0.46080579
-13.27263632 0.13891944 0.46087468
-13.25612806 0.13897577 0.46094349
-13.23961981 0.13903243 0.46101222
-13.22311156 0.13908943 0.46108085
-13.20660330 0.13914675 0.46114936
-13.19009505 0.13920439 0.46121775
-13.17358679 0.13926234 0.46128600
-13.15707854 0.13932058 0.46135409
-13.14057029 0.13937911 0.46142202
-13.12406203 0.13943793 0.46148976
-13.10755378 0.13949701 0.46155731
-13.09104552 0.13955635 0.46162465
-13.07453727 0.13961594 0.46169176
-13.05802901 0.13967577 0.46175864
-13.04152076 0.13973583 0.46182527
-13.02501251 0.13979611 0.46189164
-13.00850425 0.13985660 0.46195773
-12.99199600 0.13991729 0.46202353
-12.97548774 0.13997818 0.46208902
-12.95897949 0.14003924 0.46215420
-12.94247124 0.14010048 0.46221904
-12.92596298 0.14016188 0.46228354
-12.90945473 0.14022343 0.46234769
-12.89294647 0.14028512 0.46241146
-12.87643822 0.14034694 0.46247485
-12.85992996 0.14040888 0.46253785
-12.84342171 0.14047094 0.46260043
-12.82691346 0.14053310 0.46266259
-12.81040520 0.14059535 0.46272432
-12.79389695 0.14065769 0.46278560
-12.77738869 0.14072010 0.46284642
-12.76088044 0.14078257 0.46290677
-12.74437219 0.14084511 0.46296663
-12.72786393 0.14090768 0.46302600
-12.71135568 0.14097030 0.46308486
-12.69484742 0.14103294 0.46314320
-12.67833917 0.14109561 0.46320100
-12.66183092 0.14115829 0.46325826
-12.64532266 0.14122097 0.46331497
-12.62881441 0.14128364 0.46337111
-12.61230615 0.14134631 0.46342668
-12.59579790 0.14140895 0.46348166
-12.57928964 0.14147156 0.46353603
-12.56278139 0.14153414 0.46358980
-12.54627314 0.14159668 0.46364295
-12.52976488 0.14165917 0.46369547
-12.51325663 0.14172160 0.46374735
-12.49674837 0.14178396 0.46379858
-12.48024012 0.14184626 0.46384915
-12.46373187 0.14190849 0.46389905
-12.44722361 0.14197063 0.46394827
-12.43071536 0.14203268 0.46399680
-12.41420710 0.14209464 0.46404464
-12.39769885 0.14215651 0.46409177
-12.38119060 0.14221827 0.46413818
-12.36468234 0.14227992 0.46418387
-12.34817409 0.14234147 0.46422884
-12.33166583 0.14240289 0.46427306
-12.31515758 0.14246420 0.46431653
-12.29864932 0.14252539 0.46435925
-12.28214107 0.14258645 0.46440121
-12.26563282 0.14264738 0.46444240
-12.24912456 0.14270818 0.46448281
-12.23261631 0.14276885 0.46452244
-12.21610805 0.14282938 0.46456128
-12.19959980 0.14288978 0.46459932
-12.18309155 0.14295003 0.46463656
-12.16658329 0.14301015 0.46467298
-12.15007504 0.14307012 0.46470860
-12.13356678 0.14312995 0.46474339
-12.11705853 0.14318965 0.46477735
-12.10055028 0.14324920 0.46481048
-12.08404202 0.14330861 0.46484278
-12.06753377 0.14336788 0.46487423
-12.05102551 0.14342701 0.46490483
-12.03451726 0.14348600 0.46493458
-12.01800900 0.14354486 0.46496348
-12.00150075 0.14360358 0.46499151
-11.98499250 0.14366217 0.46501868
-11.96848424 0.14372064 0.46504498
-11.95197599 0.14377898 0.46507041
-11.93546773 0.14383720 0.46509496
-11.91895948 0.14389529 0.46511863
-11.90245123 0.14395328 0.46514142
-11.88594297 0.14401115 0.46516333
-11.86943472 0.14406892 0.46518434
-11.85292646 0.14412659 0.46520447
-11.83641821 0.14418416 0.46522370
-11.81990995 0.14424165 0.46524203
-11.80340170 0.14429905 0.46525947
-11.78689345 0.14435637 0.46527601
-11.77038519 0.14441363 0.46529164
-11.75387694 0.14447082 0.46530638
-11.73736868 0.14452795 0.46532020
-11.72086043 0.14458504 0.46533313
-11.70435218 0.14464208 0.46534514
-11.68784392 0.14469910 0.46535625
-11.67133567 0.14475609 0.46536644
-11.65482741 0.14481306 0.46537573
-11.63831916 0.14487003 0.46538411
-11.62181091 0.14492701 0.46539158
-11.60530265 0.14498400 0.46539814
-11.58879440 0.14504101 0.46540379
-11.57228614 0.14509806 0.46540853
-11.55577789 0.14515515 0.46541237
-11.53926963 0.14521230 0.46541529
-11.52276138 0.14526951 0.46541730
-11.50625313 0.14532681 0.46541841
-11.48974487 0.14538419 0.46541862
-11.47323662 0.14544168 0.46541792
-11.45672836 0.14549929 0.46541631
-11.44022011 0.14555703 0.46541381
-11.42371186 0.14561490 0.46541040
-11.40720360 0.14567293 0.46540610
-11.39069535 0.14573114 0.46540090
-11.37418709 0.14578952 0.46539481
-11.35767884 0.14584810 0.46538783
-11.34117059 0.14590689 0.46537996
-11.32466233 0.14596591 0.46537120
-11.30815408 0.14602517 0.46536157
-11.29164582 0.14608469 0.46535105
-11.27513757 0.14614448 0.46533965
-11.25862931 0.14620455 0.46532739
-11.24212106 0.14626493 0.46531425
-11.22561281 0.14632563 0.46530024
-11.20910455 0.14638667 0.46528538
-11.19259630 0.14644805 0.46526966
-11.17608804 0.14650981 0.46525308
-11.15957979 0.14657195 0.46523565
-11.14307154 0.14663450 0.46521738
-11.12656328 0.14669746 0.46519826
-11.11005503 0.14676087 0.46517831
-11.09354677 0.14682473 0.46515753
-11.07703852 0.14688906 0.46513593
-11.06053027 0.14695389 0.46511350
-11.04402201 0.14701922 0.46509026
-11.02751376 0.14708509 0.46506621
-11.01100550 0.14715150 0.46504135
-10.99449725 0.14721847 0.46501569
-10.97798899 0.14728603 0.46498925
-10.96148074 0.14735419 0.46496201
-10.94497249 0.14742297 0.46493400
-10.92846423 0.14749239 0.46490521
-10.91195598 0.14756247 0.46487566
-10.89544772 0.14763323 0.46484535
-10.87893947 0.14770468 0.46481428
-10.86243122 0.14777685 0.46478247
-10.84592296 0.14784976 0.46474991
-10.82941471 0.14792342 0.46471663
-10.81290645 0.14799785 0.46468262
-10.79639820 0.14807308 0.46464789
-10.77988994 0.14814911 0.46461245
-10.76338169 0.14822598 0.46457631
-10.74687344 0.14830370 0.46453948
-10.73036518 0.14838228 0.46450196
-10.71385693 0.14846175 0.46446376
-10.69734867 0.14854213 0.46442489
-10.68084042 0.14862343 0.46438536
-10.66433217 0.14870567 0.46434518
-10.64782391 0.14878888 0.46430435
-10.63131566 0.14887306 0.46426289
-10.61480740 0.14895824 0.46422079
-10.59829915 0.14904444 0.46417808
-10.58179090 0.14913167 0.46413476
-10.56528264 0.14921994 0.46409084
-10.54877439 0.14930929 0.46404633
-10.53226613 0.14939972 0.46400124
-10.51575788 0.14949124 0.46395557
-10.49924962 0.14958389 0.46390933
-10.48274137 0.14967767 0.46386255
-10.46623312 0.14977259 0.46381521
-10.44972486 0.14986868 0.46376734
-10.43321661 0.14996595 0.46371894
-10.41670835 0.15006441 0.46367003
-10.40020010 0.15016408 0.46362060
-10.38369185 0.15026498 0.46357068
-10.36718359 0.15036710 0.46352027
-10.35067534 0.15047048 0.46346938
-10.33416708 0.15057512 0.46341801
-10.31765883 0.15068103 0.46336619
-10.30115058 0.15078823 0.46331392
-10.28464232 0.15089672 0.46326120
-10.26813407 0.15100653 0.46320805
-10.25162581 0.15111765 0.46315448
-10.23511756 0.15123010 0.46310049
-10.21860930 0.15134388 0.46304610
-10.20210105 0.15145902 0.46299131
-10.18559280 0.15157551 0.46293614
-10.16908454 0.15169336 0.46288059
-10.15257629 0.15181258 0.46282467
-10.13606803 0.15193318 0.46276839
-10.11955978 0.15205516 0.46271176
-10.10305153 0.15217854 0.46265479
-10.08654327 0.15230330 0.46259749
-10.07003502 0.15242946 0.46253986
-10.05352676 0.15255703 0.46248191
-10.03701851 0.15268600 0.46242366
-10.02051026 0.15281637 0.46236511
-10.00400200 0.15294816 0.46230626
-9.98749375 0.15308136 0.46224713
-9.97098549 0.15321597 0.46218773
-9.95447724 0.15335199 0.46212806
-9.93796898 0.15348943 0.46206812
-9.92146073 0.15362828 0.46200793
-9.90495248 0.15376853 0.46194749
-9.88844422 0.15391019 0.46188681
-9.87193597 0.15405326 0.46182590
-9.85542771 0.15419773 0.46176476
-9.83891946 0.15434359 0.46170339
-9.82241121 0.15449085 0.46164182
-9.80590295 0.15463950 0.46158003
-9.78939470 0.15478953 0.46151804
-9.77288644 0.15494093 0.46145584
-9.75637819 0.15509371 0.46139346
-9.73986993 0.15524784 0.46133088
-9.72336168 0.15540333 0.46126813
-9.70685343 0.15556017 0.46120519
-9.69034517 0.15571835 0.46114207
-9.67383692 0.15587785 0.46107878
-9.65732866 0.15603867 0.46101533
-9.64082041 0.15620080 0.46095171
-9.62431216 0.15636424 0.46088792
-9.60780390 0.15652896 0.46082398
-9.59129565 0.15669495 0.46075988
-9.57478739 0.15686222 0.46069563
-9.55827914 0.15703073 0.46063122
-9.54177089 0.15720049 0.46056667
-9.52526263 0.15737148 0.46050197
-9.50875438 0.15754368 0.46043711
-9.49224612 0.15771709 0.46037212
-9.47573787 0.15789170 0.46030698
-9.45922961 0.15806748 0.46024169
-9.44272136 0.15824442 0.46017626
-9.42621311 0.15842252 0.46011068
-9.40970485 0.15860176 0.46004496
-9.39319660 0.15878212 0.45997910
-9.37668834 0.15896359 0.45991309
-9.36018009 0.15914616 0.45984693
-9.34367184 0.15932982 0.45978063
-9.32716358 0.15951454 0.45971418
-9.31065533 0.15970033 0.45964757
-9.29414707 0.15988716 0.45958082
-9.27763882 0.16007502 0.45951391
-9.26113057 0.16026391 0.45944685
-9.24462231 0.16045380 0.45937963
-9.22811406 0.16064468 0.45931225
-9.21160580 0.16083655 0.45924470
-9.19509755 0.16102939 0.45917699
-9.17858929 0.16122319 0.45910911
-9.16208104 0.16141795 0.45904106
-9.14557279 0.16161364 0.45897283
-9.12906453 0.16181026 0.45890442
-9.11255628 0.16200781 0.45883584
-9.09604802 0.16220626 0.45876706
-9.07953977 0.16240562 0.45869810
-9.06303152 0.16260588 0.45862894
-9.04652326 0.16280703 0.45855959
-9.03001501 0.16300906 0.45849004
-9.01350675 0.16321197 0.45842028
-8.99699850 0.16341576 0.45835031
-8.98049025 0.16362041 0.45828013
-8.96398199 0.16382594 0.45820973
-8.94747374 0.16403232 0.45813911
-8.93096548 0.16423958 0.45806826
-8.91445723 0.16444769 0.45799719
-8.89794897 0.16465667 0.45792588
-8.88144072 0.16486652 0.45785434
-8.86493247 0.16507724 0.45778255
-8.84842421 0.16528882 0.45771052
-8.83191596 0.16550129 0.45763824
-8.81540770 0.16571464 0.45756571
-8.79889945 0.16592887 0.45749292
-8.78239120 0.16614401 0.45741988
-8.76588294 0.16636005 0.45734657
-8.74937469 0.16657701 0.45727300
-8.73286643 0.16679491 0.45719916
-8.71635818 0.16701374 0.45712504
-8.69984992 0.16723353 0.45705066
-8.68334167 0.16745429 0.45697600
-8.66683342 0.16767604 0.45690106
-8.65032516 0.16789880 0.45682584
-8.63381691 0.16812259 0.45675035
-8.61730865 0.16834742 0.45667457
-8.60080040 0.16857332 0.45659851
-8.58429215 0.16880032 0.45652217
-8.56778389 0.16902844 0.45644554
-8.55127564 0.16925770 0.45636863
-8.53476738 0.16948814 0.45629144
-8.51825913 0.16971978 0.45621397
-8.50175088 0.16995265 0.45613621
-8.48524262 0.17018680 0.45605818
-8.46873437 0.17042224 0.45597988
-8.45222611 0.17065902 0.45590130
-8.43571786 0.17089717 0.45582245
-8.41920960 0.17113674 0.45574333
-8.40270135 0.17137776 0.45566395
-8.38619310 0.17162027 0.45558431
-8.36968484 0.17186432 0.45550442
-8.35317659 0.17210995 0.45542428
-8.33666833 0.17235721 0.45534390
-8.32016008 0.17260615 0.45526329
-8.30365183 0.17285681 0.45518245
-8.28714357 0.17310924 0.45510139
-8.27063532 0.17336351 0.45502012
-8.25412706 0.17361966 0.45493865
-8.23761881 0.17387774 0.45485699
-8.22111056 0.17413782 0.45477515
-8.20460230 0.17439996 0.45469314
-8.18809405 0.17466420 0.45461097
-8.17158579 0.17493062 0.45452865
-8.15507754 0.17519928 0.45444620
-8.13856928 0.17547023 0.45436364
-8.12206103 0.17574355 0.45428097
-8.10555278 0.17601931 0.45419821
-8.08904452 0.17629756 0.45411538
-8.07253627 0.17657839 0.45403250
-8.05602801 0.17686186 0.45394958
-8.03951976 0.17714804 0.45386664
-8.02301151 0.17743700 0.45378371
-8.00650325 0.17772883 0.45370079
-7.98999500 0.17802359 0.45361791
-7.97348674 0.17832137 0.45353510
-7.95697849 0.17862223 0.45345237
-7.94047024 0.17892627 0.45336976
-7.92396198 0.17923355 0.45328727
-7.90745373 0.17954416 0.45320495
-7.89094547 0.17985819 0.45312281
-7.87443722 0.18017570 0.45304088
-7.85792896 0.18049680 0.45295918
-7.84142071 0.18082155 0.45287776
-7.82491246 0.18115005 0.45279663
-7.80840420 0.18148238 0.45271582
-7.79189595 0.18181862 0.45263538
-7.77538769 0.18215887 0.45255532
-7.75887944 0.18250320 0.45247568
-7.74237119 0.18285171 0.45239650
-7.72586293 0.18320448 0.45231781
-7.70935468 0.18356160 0.45223964
-7.69284642 0.18392316 0.45216203
-7.67633817 0.18428924 0.45208501
-7.65982991 0.18465994 0.45200863
-7.64332166 0.18503533 0.45193293
-7.62681341 0.18541552 0.45185793
-7.61030515 0.18580057 0.45178369
-7.59379690 0.18619059 0.45171024
-7.57728864 0.18658565 0.45163762
-7.56078039 0.18698585 0.45156588
-7.54427214 0.18739126 0.45149506
-7.52776388 0.18780198 0.45142519
-7.51125563 0.18821808 0.45135634
-7.49474737 0.18863964 0.45128854
-7.47823912 0.18906676 0.45122183
-7.46173087 0.18949951 0.45115627
-7.44522261 0.18993796 0.45109189
-7.42871436 0.19038221 0.45102875
-7.41220610 0.19083232 0.45096690
-7.39569785 0.19128836 0.45090638
-7.37918959 0.19175042 0.45084725
-7.36268134 0.19221857 0.45078954
-7.34617309 0.19269286 0.45073332
-7.32966483 0.19317339 0.45067863
-7.31315658 0.19366020 0.45062552
-7.29664832 0.19415336 0.45057404
-7.28014007 0.19465294 0.45052425
-7.26363182 0.19515900 0.45047620
-7.24712356 0.19567158 0.45042993
-7.23061531 0.19619076 0.45038550
-7.21410705 0.19671657 0.45034296
-7.19759880 0.19724908 0.45030236
-7.18109055 0.19778832 0.45026376
-7.16458229 0.19833434 0.45022721
-7.14807404 0.19888719 0.45019276
-7.13156578 0.19944689 0.45016046
-7.11505753 0.20001349 0.45013036
-7.09854927 0.20058702 0.45010252
-7.08204102 0.20116750 0.45007698
-7.06553277 0.20175496 0.45005381
-7.04902451 0.20234943 0.45003304
-7.03251626 0.20295091 0.45001473
-7.01600800 0.20355944 0.44999894
-6.99949975 0.20417501 0.44998570
-6.98299150 0.20479764 0.44997507
-6.96648324 0.20542732 0.44996710
-6.94997499 0.20606407 0.44996183
-6.93346673 0.20670787 0.44995932
-6.91695848 0.20735872 0.44995961
-6.90045023 0.20801661 0.44996275
-6.88394197 0.20868152 0.44996877
-6.86743372 0.20935343 0.44997773
-6.85092546 0.21003232 0.44998967
-6.83441721 0.21071817 0.45000463
-6.81790895 0.21141093 0.45002265
-6.80140070 0.21211058 0.45004378
-6.78489245 0.21281707 0.45006804
-6.76838419 0.21353037 0.45009549
-6.75187594 0.21425042 0.45012615
-6.73536768 0.21497717 0.45016006
-6.71885943 0.21571057 0.45019726
-6.70235118 0.21645055 0.45023778
-6.68584292 0.21719706 0.45028164
-6.66933467 0.21795003 0.45032889
-6.65282641 0.21870938 0.45037955
-6.63631816 0.21947504 0.45043364
-6.61980990 0.22024692 0.45049119
-6.60330165 0.22102496 0.45055223
-6.58679340 0.22180905 0.45061677
-6.57028514 0.22259910 0.45068484
-6.55377689 0.22339503 0.45075645
-6.53726863 0.22419674 0.45083163
-6.52076038 0.22500411 0.45091039
-6.50425213 0.22581706 0.45099273
-6.48774387 0.22663546 0.45107869
-6.47123562 0.22745921 0.45116825
-6.45472736 0.22828819 0.45126143
-6.43821911 0.22912228 0.45135825
-6.42171086 0.22996137 0.45145869
-6.40520260 0.23080532 0.45156277
-6.38869435 0.23165401 0.45167048
-6.37218609 0.23250731 0.45178182
-6.35567784 0.23336508 0.45189679
-6.33916958 0.23422720 0.45201539
-6.32266133 0.23509352 0.45213760
-6.30615308 0.23596390 0.45226342
-6.28964482 0.23683821 0.45239283
-6.27313657 0.23771629 0.45252583
-6.25662831 0.23859799 0.45266239
-6.24012006 0.23948318 0.45280250
-6.22361181 0.24037170 0.45294615
-6.20710355 0.24126339 0.45309331
-6.19059530 0.24215811 0.45324395
-6.17408704 0.24305570 0.45339806
-6.15757879 0.24395600 0.45355560
-6.14107054 0.24485886 0.45371656
-6.12456228 0.24576411 0.45388089
-6.10805403 0.24667160 0.45404858
-6.09154577 0.24758116 0.45421957
-6.07503752 0.24849264 0.45439385
-6.05852926 0.24940588 0.45457136
-6.04202101 0.25032071 0.45475209
-6.02551276 0.25123697 0.45493597
-6.00900450 0.25215449 0.45512298
-5.99249625 0.25307312 0.45531307
-5.97598799 0.25399269 0.45550620
-5.95947974 0.25491304 0.45570232
-5.94297149 0.25583401 0.45590137
-5.92646323 0.25675544 0.45610333
-5.90995498 0.25767716 0.45630813
-5.89344672 0.25859902 0.45651572
-5.87693847 0.25952085 0.45672605
-5.86043022 0.26044249 0.45693908
-5.84392196 0.26136380 0.45715473
-5.82741371 0.26228460 0.45737297
-5.81090545 0.26320476 0.45759373
-5.79439720 0.26412410 0.45781696
-5.77788894 0.26504248 0.45804259
-5.76138069 0.26595974 0.45827058
-5.74487244 0.26687575 0.45850085
-5.72836418 0.26779034 0.45873336
-5.71185593 0.26870337 0.45896803
-5.69534767 0.26961469 0.45920481
-5.67883942 0.27052417 0.45944364
-5.66233117 0.27143166 0.45968446
-5.64582291 0.27233702 0.45992719
-5.62931466 0.27324012 0.46017179
-5.61280640 0.27414081 0.46041818
-5.59629815 0.27503898 0.46066631
-5.57978989 0.27593448 0.46091610
-5.56328164 0.27682719 0.46116750
-5.54677339 0.27771699 0.46142044
-5.53026513 0.27860374 0.46167487
-5.51375688 0.27948734 0.46193070
-5.49724862 0.28036766 0.46218789
-5.48074037 0.28124458 0.46244637
-5.46423212 0.28211800 0.46270607
-5.44772386 0.28298780 0.46296694
-5.43121561 0.28385387 0.46322890
-5.41470735 0.28471612 0.46349191
-5.39819910 0.28557444 0.46375589
-5.38169085 0.28642873 0.46402079
-5.36518259 0.28727889 0.46428654
-5.34867434 0.28812483 0.46455309
-5.33216608 0.28896646 0.46482037
-5.31565783 0.28980369 0.46508832
-5.29914957 0.29063644 0.46535690
-5.28264132 0.29146462 0.46562603
-5.26613307 0.29228816 0.46589567
-5.24962481 0.29310698 0.46616575
-5.23311656 0.29392100 0.46643622
-5.21660830 0.29473016 0.46670703
-5.20010005 0.29553439 0.46697812
-5.18359180 0.29633362 0.46724944
-5.16708354 0.29712779 0.46752094
-5.15057529 0.29791684 0.46779256
-5.13406703 0.29870072 0.46806426
-5.11755878 0.29947937 0.46833598
-5.10105053 0.30025274 0.46860769
-5.08454227 0.30102079 0.46887932
-5.06803402 0.30178347 0.46915084
-5.05152576 0.30254074 0.46942219
-5.03501751 0.30329255 0.46969335
-5.01850925 0.30403888 0.46996425
-5.00200100 0.30477968 0.47023486
-4.98549275 0.30551493 0.47050514
-4.96898449 0.30624459 0.47077505
-4.95247624 0.30696865 0.47104455
-4.93596798 0.30768708 0.47131360
-4.91945973 0.30839985 0.47158216
-4.90295148 0.30910695 0.47185020
-4.88644322 0.30980837 0.47211769
-4.86993497 0.31050408 0.47238459
-4.85342671 0.31119408 0.47265086
-4.83691846 0.31187836 0.47291649
-4.82041021 0.31255692 0.47318143
-4.80390195 0.31322974 0.47344566
-4.78739370 0.31389683 0.47370915
-4.77088544 0.31455819 0.47397187
-4.75437719 0.31521381 0.47423380
-4.73786893 0.31586371 0.47449492
-4.72136068 0.31650790 0.47475519
-4.70485243 0.31714637 0.47501460
-4.68834417 0.31777914 0.47527312
-4.67183592 0.31840623 0.47553074
-4.65532766 0.31902765 0.47578744
-4.63881941 0.31964341 0.47604319
-4.62231116 0.32025354 0.47629797
-4.60580290 0.32085805 0.47655179
-4.58929465 0.32145697 0.47680460
-4.57278639 0.32205032 0.47705642
-4.55627814 0.32263813 0.47730721
-4.53976988 0.32322042 0.47755696
-4.52326163 0.32379722 0.47780567
-4.50675338 0.32436857 0.47805333
-4.49024512 0.32493449 0.47829992
-4.47373687 0.32549503 0.47854543
-4.45722861 0.32605020 0.47878986
-4.44072036 0.32660006 0.47903320
-4.42421211 0.32714464 0.47927544
-4.40770385 0.32768397 0.47951658
-4.39119560 0.32821810 0.47975662
-4.37468734 0.32874708 0.47999554
-4.35817909 0.32927094 0.48023334
-4.34167084 0.32978972 0.48047003
-4.32516258 0.33030348 0.48070560
-4.30865433 0.33081226 0.48094005
-4.29214607 0.33131611 0.48117338
-4.27563782 0.33181508 0.48140559
-4.25912956 0.33230921 0.48163669
-4.24262131 0.33279857 0.48186666
-4.22611306 0.33328319 0.48209552
-4.20960480 0.33376314 0.48232327
-4.19309655 0.33423846 0.48254991
-4.17658829 0.33470922 0.48277544
-4.16008004 0.33517547 0.48299988
-4.14357179 0.33563726 0.48322322
-4.12706353 0.33609466 0.48344548
-4.11055528 0.33654772 0.48366665
-4.09404702 0.33699650 0.48388675
-4.07753877 0.33744106 0.48410579
-4.06103052 0.33788146 0.48432377
-4.04452226 0.33831777 0.48454070
-4.02801401 0.33875004 0.48475659
-4.01150575 0.33917834 0.48497144
-3.99499750 0.33960273 0.48518528
-3.97848924 0.34002328 0.48539811
-3.96198099 0.34044005 0.48560995
-3.94547274 0.34085311 0.48582079
-3.92896448 0.34126252 0.48603067
-3.91245623 0.34166836 0.48623958
-3.89594797 0.34207068 0.48644754
-3.87943972 0.34246956 0.48665457
-3.86293147 0.34286506 0.48686067
-3.84642321 0.34325726 0.48706587
-3.82991496 0.34364623 0.48727018
-3.81340670 0.34403203 0.48747362
-3.79689845 0.34441473 0.48767619
-3.78039020 0.34479442 0.48787791
-3.76388194 0.34517115 0.48807881
-3.74737369 0.34554501 0.48827890
-3.73086543 0.34591607 0.48847819
-3.71435718 0.34628440 0.48867671
-3.69784892 0.34665007 0.48887446
-3.68134067 0.34701317 0.48907148
-3.66483242 0.34737376 0.48926778
-3.64832416 0.34773193 0.48946338
-3.63181591 0.34808774 0.48965830
-3.61530765 0.34844128 0.48985256
-3.59879940 0.34879263 0.49004618
-3.58229115 0.34914187 0.49023918
-3.56578289 0.34948906 0.49043159
-3.54927464 0.34983431 0.49062342
-3.53276638 0.35017767 0.49081471
-3.51625813 0.35051925 0.49100546
-3.49974987 0.35085911 0.49119572
-3.48324162 0.35119734 0.49138549
-3.46673337 0.35153403 0.49157482
-3.45022511 0.35186926 0.49176371
-3.43371686 0.35220311 0.49195221
-3.41720860 0.35253566 0.49214032
-3.40070035 0.35286702 0.49232810
-3.38419210 0.35319726 0.49251555
-3.36768384 0.35352646 0.49270271
-3.35117559 0.35385473 0.49288961
-3.33466733 0.35418215 0.49307628
-3.31815908 0.35450881 0.49326275
-3.30165083 0.35483479 0.49344905
-3.28514257 0.35516021 0.49363521
-3.26863432 0.35548513 0.49382127
-3.25212606 0.35580968 0.49400726
-3.23561781 0.35613392 0.49419321
-3.21910955 0.35645797 0.49437916
-3.20260130 0.35678192 0.49456514
-3.18609305 0.35710587 0.49475119
-3.16958479 0.35742992 0.49493736
-3.15307654 0.35775416 0.49512367
-3.13656828 0.35807871 0.49531016
-3.12006003 0.35840366 0.49549689
-3.10355178 0.35872912 0.49568388
-3.08704352 0.35905519 0.49587118
-3.07053527 0.35938198 0.49605884
-3.05402701 0.35970959 0.49624689
-3.03751876 0.36003814 0.49643539
-3.02101051 0.36036774 0.49662438
-3.00450225 0.36069850 0.49681390
-2.98799400 0.36103053 0.49700401
-2.97148574 0.36136395 0.49719476
-2.95497749 0.36169886 0.49738619
-2.93846923 0.36203540 0.49757836
-2.92196098 0.36237368 0.49777132
-2.90545273 0.36271381 0.49796513
-2.88894447 0.36305592 0.49815984
-2.87243622 0.36340014 0.49835551
-2.85592796 0.36374659 0.49855219
-2.83941971 0.36409539 0.49874995
-2.82291146 0.36444668 0.49894884
-2.80640320 0.36480057 0.49914894
-2.78989495 0.36515722 0.49935029
-2.77338669 0.36551673 0.49955297
-2.75687844 0.36587927 0.49975705
-2.74037019 0.36624494 0.49996258
-2.72386193 0.36661391 0.50016965
-2.70735368 0.36698629 0.50037831
-2.69084542 0.36736225 0.50058864
-2.67433717 0.36774191 0.50080072
-2.65782891 0.36812542 0.50101461
-2.64132066 0.36851293 0.50123041
-2.62481241 0.36890459 0.50144817
-2.60830415 0.36930054 0.50166798
-2.59179590 0.36970094 0.50188993
-2.57528764 0.37010593 0.50211409
-2.55877939 0.37051568 0.50234055
-2.54227114 0.37093033 0.50256939
-2.52576288 0.37135005 0.50280069
-2.50925463 0.37177499 0.50303456
-2.49274637 0.37220532 0.50327107
-2.47623812 0.37264119 0.50351031
-2.45972986 0.37308276 0.50375238
-2.44322161 0.37353021 0.50399738
-2.42671336 0.37398370 0.50424539
-2.41020510 0.37444339 0.50449652
-2.39369685 0.37490945 0.50475085
-2.37718859 0.37538205 0.50500850
-2.36068034 0.37586136 0.50526956
-2.34417209 0.37634756 0.50553413
-2.32766383 0.37684081 0.50580231
-2.31115558 0.37734129 0.50607422
-2.29464732 0.37784918 0.50634995
-2.27813907 0.37836464 0.50662962
-2.26163082 0.37888786 0.50691332
-2.24512256 0.37941900 0.50720118
-2.22861431 0.37995825 0.50749330
-2.21210605 0.38050579 0.50778978
-2.19559780 0.38106179 0.50809075
-2.17908954 0.38162642 0.50839632
-2.16258129 0.38219988 0.50870660
-2.14607304 0.38278232 0.50902170
-2.12956478 0.38337394 0.50934174
-2.11305653 0.38397491 0.50966684
-2.09654827 0.38458541 0.50999712
-2.08004002 0.38520561 0.51033268
-2.06353177 0.38583568 0.51067365
-2.04702351 0.38647582 0.51102016
-2.03051526 0.38712618 0.51137230
-2.01400700 0.38778694 0.51173021
-1.99749875 0.38845828 0.51209401
-1.98099050 0.38914036 0.51246381
-1.96448224 0.38983335 0.51283973
-1.94797399 0.39053743 0.51322189
-1.93146573 0.39125276 0.51361041
-1.91495748 0.39197949 0.51400541
-1.89844922 0.39271780 0.51440700
-1.88194097 0.39346784 0.51481531
-1.86543272 0.39422977 0.51523045
-1.84892446 0.39500374 0.51565253
-1.83241621 0.39578990 0.51608168
-1.81590795 0.39658841 0.51651801
-1.79939970 0.39739941 0.51696162
-1.78289145 0.39822304 0.51741264
-1.76638319 0.39905944 0.51787117
-1.74987494 0.39990874 0.51833732
-1.73336668 0.40077108 0.51881120
-1.71685843 0.40164657 0.51929292
-1.70035018 0.40253536 0.51978258
-1.68384192 0.40343754 0.52028028
-1.66733367 0.40435324 0.52078613
-1.65082541 0.40528257 0.52130022
-1.63431716 0.40622562 0.52182265
-1.61780890 0.40718251 0.52235351
-1.60130065 0.40815331 0.52289290
-1.58479240 0.40913813 0.52344089
-1.56828414 0.41013704 0.52399759
-1.55177589 0.41115012 0.52456306
-1.53526763 0.41217744 0.52513739
-1.51875938 0.41321907 0.52572065
-1.50225113 0.41427506 0.52631293
-1.48574287 0.41534547 0.52691428
-1.46923462 0.41643035 0.52752477
-1.45272636 0.41752973 0.52814447
-1.43621811 0.41864365 0.52877344
-1.41970985 0.41977213 0.52941172
-1.40320160 0.42091519 0.53005936
-1.38669335 0.42207285 0.53071643
-1.37018509 0.42324511 0.53138295
-1.35367684 0.42443197 0.53205896
-1.33716858 0.42563342 0.53274450
-1.32066033 0.42684944 0.53343959
-1.30415208 0.42808000 0.53414426
-1.28764382 0.42932509 0.53485852
-1.27113557 0.43058465 0.53558240
-1.25462731 0.43185864 0.53631590
-1.23811906 0.43314701 0.53705902
-1.22161081 0.43444969 0.53781176
-1.20510255 0.43576662 0.53857412
-1.18859430 0.43709772 0.53934608
-1.17208604 0.43844290 0.54012762
-1.15557779 0.43980207 0.54091874
-1.13906953 0.44117513 0.54171938
-1.12256128 0.44256197 0.54252954
-1.10605303 0.44396248 0.54334915
-1.08954477 0.44537654 0.54417819
-1.07303652 0.44680401 0.54501660
-1.05652826 0.44824476 0.54586432
-1.04002001 0.44969864 0.54672130
-1.02351176 0.45116550 0.54758747
-1.00700350 0.45264519 0.54846276
-0.99049525 0.45413753 0.54934708
-0.97398699 0.45564235 0.55024037
-0.95747874 0.45715948 0.55114252
-0.94097049 0.45868872 0.55205344
-0.92446223 0.46022989 0.55297304
-0.90795398 0.46178279 0.55390122
-0.89144572 0.46334721 0.55483785
-0.87493747 0.46492293 0.55578283
-0.85842921 0.46650975 0.55673604
-0.84192096 0.46810744 0.55769735
-0.82541271 0.46971577 0.55866662
-0.80890445 0.47133450 0.55964374
-0.79239620 0.47296341 0.56062855
-0.77588794 0.47460224 0.56162091
-0.75937969 0.47625075 0.56262068
-0.74287144 0.47790868 0.56362769
-0.72636318 0.47957578 0.56464180
-0.70985493 0.48125179 0.56566283
-0.69334667 0.48293643 0.56669063
-0.67683842 0.48462945 0.56772501
-0.66033017 0.48633058 0.56876582
-0.64382191 0.48803952 0.56981286
-0.62731366 0.48975602 0.57086596
-0.61080540 0.49147978 0.57192494
-0.59429715 0.49321052 0.57298960
-0.57778889 0.49494797 0.57405975
-0.56128064 0.49669182 0.57513521
-0.54477239 0.49844180 0.57621577
-0.52826413 0.50019760 0.57730123
-0.51175588 0.50195895 0.57839140
-0.49524762 0.50372555 0.57948606
-0.47873937 0.50549710 0.58058502
-0.46223112 0.50727331 0.58168806
-0.44572286 0.50905388 0.58279498
-0.42921461 0.51083852 0.58390557
-0.41270635 0.51262695 0.58501960
-0.39619810 0.51441885 0.58613688
-0.37968984 0.51621395 0.58725719
-0.36318159 0.51801195 0.58838030
-0.34667334 0.51981255 0.58950601
-0.33016508 0.52161547 0.59063410
-0.31365683 0.52342042 0.59176435
-0.29714857 0.52522711 0.59289655
-0.28064032 0.52703527 0.59403048
-0.26413207 0.52884460 0.59516592
-0.24762381 0.53065482 0.59630267
-0.23111556 0.53246567 0.59744051
-0.21460730 0.53427686 0.59857921
-0.19809905 0.53608812 0.59971858
-0.18159080 0.53789919 0.60085840
-0.16508254 0.53970980 0.60199845
-0.14857429 0.54151969 0.60313854
-0.13206603 0.54332859 0.60427846
-0.11555778 0.54513626 0.60541799
-0.09904952 0.54694245 0.60655694
-0.08254127 0.54874690 0.60769510
-0.06603302 0.55054937 0.60883229
-0.04952476 0.55234964 0.60996829
-0.03301651 0.55414745 0.61110293
-0.01650825 0.55594259 0.61223600
0.00000000 0.55773482 0.61336732
