0.00000000 0.21745265
0.00125156 0.19209119
0.00250313 0.16855612
0.00375469 0.14678139
0.00500626 0.12670263
0.00625782 0.10825708
0.00750939 0.09138358
0.00876095 0.07602250
0.01001252 0.06211579
0.01126408 0.04960688
0.01251564 0.03844068
0.01376721 0.02856355
0.01501877 0.01992328
0.01627034 0.01246905
0.01752190 0.00615140
0.01877347 0.00092224
0.02002503 -0.00326522
0.02127660 -0.00645648
0.02252816 -0.00869576
0.02377972 -0.01002605
0.02503129 -0.01048911
0.02628285 -0.01012552
0.02753442 -0.00897467
0.02878598 -0.00707482
0.03003755 -0.00446310
0.03128911 -0.00117552
0.03254068 0.00275295
0.03379224 0.00728843
0.03504380 0.01239807
0.03629537 0.01805002
0.03754693 0.02421343
0.03879850 0.03085843
0.04005006 0.03795609
0.04130163 0.04547842
0.04255319 0.05339834
0.04380476 0.06168965
0.04505632 0.07032702
0.04630788 0.07928601
0.04755945 0.08854296
0.04881101 0.09807507
0.05006258 0.10786031
0.05131414 0.11787744
0.05256571 0.12810598
0.05381727 0.13852621
0.05506884 0.14911910
0.05632040 0.15986636
0.05757196 0.17075039
0.05882353 0.18175426
0.06007509 0.19286170
0.06132666 0.20405708
0.06257822 0.21532543
0.06382979 0.22665236
0.06508135 0.23802408
0.06633292 0.24942741
0.06758448 0.26084972
0.06883605 0.27227894
0.07008761 0.28370353
0.07133917 0.29511250
0.07259074 0.30649535
0.07384230 0.31784210
0.07509387 0.32914324
0.07634543 0.34038974
0.07759700 0.35157303
0.07884856 0.36268499
0.08010013 0.37371793
0.08135169 0.38466459
0.08260325 0.39551812
0.08385482 0.40627208
0.08510638 0.41692039
0.08635795 0.42745737
0.08760951 0.43787770
0.08886108 0.44817642
0.09011264 0.45834890
0.09136421 0.46839086
0.09261577 0.47829834
0.09386733 0.48806769
0.09511890 0.49769556
0.09637046 0.50717889
0.09762203 0.51651492
0.09887359 0.52570115
0.10012516 0.53473535
0.10137672 0.54361556
0.10262829 0.55234004
0.10387985 0.56090731
0.10513141 0.56931610
0.10638298 0.57756540
0.10763454 0.58565437
0.10888611 0.59358239
0.11013767 0.60134907
0.11138924 0.60895415
0.11264080 0.61639761
0.11389237 0.62367957
0.11514393 0.63080032
0.11639549 0.63776034
0.11764706 0.64456023
0.11889862 0.65120075
0.12015019 0.65768280
0.12140175 0.66400743
0.12265332 0.67017579
0.12390488 0.67618917
0.12515645 0.68204897
0.12640801 0.68775670
0.12765957 0.69331398
0.12891114 0.69872252
0.13016270 0.70398412
0.13141427 0.70910068
0.13266583 0.71407417
0.13391740 0.71890665
0.13516896 0.72360024
0.13642053 0.72815714
0.13767209 0.73257960
0.13892365 0.73686992
0.14017522 0.74103049
0.14142678 0.74506370
0.14267835 0.74897203
0.14392991 0.75275798
0.14518148 0.75642407
0.14643304 0.75997289
0.14768461 0.76340703
0.14893617 0.76672911
0.15018773 0.76994178
0.15143930 0.77304771
0.15269086 0.77604956
0.15394243 0.77895004
0.15519399 0.78175184
0.15644556 0.78445766
0.15769712 0.78707020
0.15894869 0.78959218
0.16020025 0.79202629
0.16145181 0.79437522
0.16270338 0.79664166
0.16395494 0.79882829
0.16520651 0.80093776
0.16645807 0.80297271
0.16770964 0.80493578
0.16896120 0.80682956
0.17021277 0.80865663
0.17146433 0.81041955
0.17271589 0.81212085
0.17396746 0.81376302
0.17521902 0.81534854
0.17647059 0.81687984
0.17772215 0.81835933
0.17897372 0.81978937
0.18022528 0.82117229
0.18147685 0.82251039
0.18272841 0.82380590
0.18397997 0.82506105
0.18523154 0.82627800
0.18648310 0.82745888
0.18773467 0.82860576
0.18898623 0.82972068
0.19023780 0.83080562
0.19148936 0.83186252
0.19274093 0.83289328
0.19399249 0.83389973
0.19524406 0.83488366
0.19649562 0.83584682
0.19774718 0.83679089
0.19899875 0.83771751
0.20025031 0.83862826
0.20150188 0.83952468
0.20275344 0.84040824
0.20400501 0.84128036
0.20525657 0.84214242
0.20650814 0.84299572
0.20775970 0.84384154
0.20901126 0.84468107
0.21026283 0.84551546
0.21151439 0.84634581
0.21276596 0.84717317
0.21401752 0.84799850
0.21526909 0.84882275
0.21652065 0.84964678
0.21777222 0.85047142
0.21902378 0.85129743
0.22027534 0.85212552
0.22152691 0.85295634
0.22277847 0.85379049
0.22403004 0.85462852
0.22528160 0.85547092
0.22653317 0.85631813
0.22778473 0.85717054
0.22903630 0.85802847
0.23028786 0.85889221
0.23153942 0.85976198
0.23279099 0.86063796
0.23404255 0.86152029
0.23529412 0.86240903
0.23654568 0.86330420
0.23779725 0.86420579
0.23904881 0.86511373
0.24030038 0.86602789
0.24155194 0.86694810
0.24280350 0.86787416
0.24405507 0.86880579
0.24530663 0.86974270
0.24655820 0.87068453
0.24780976 0.87163089
0.24906133 0.87258134
0.25031289 0.87353540
0.25156446 0.87449254
0.25281602 0.87545222
0.25406758 0.87641381
0.25531915 0.87737669
0.25657071 0.87834017
0.25782228 0.87930353
0.25907384 0.88026601
0.26032541 0.88122684
0.26157697 0.88218518
0.26282854 0.88314017
0.26408010 0.88409093
0.26533166 0.88503652
0.26658323 0.88597600
0.26783479 0.88690837
0.26908636 0.88783263
0.27033792 0.88874772
0.27158949 0.88965258
0.27284105 0.89054611
0.27409262 0.89142719
0.27534418 0.89229467
0.27659574 0.89314737
0.27784731 0.89398411
0.27909887 0.89480368
0.28035044 0.89560482
0.28160200 0.89638629
0.28285357 0.89714682
0.28410513 0.89788510
0.28535670 0.89859984
0.28660826 0.89928970
0.28785982 0.89995335
0.28911139 0.90058944
0.29036295 0.90119659
0.29161452 0.90177343
0.29286608 0.90231857
0.29411765 0.90283061
0.29536921 0.90330815
0.29662078 0.90374976
0.29787234 0.90415402
0.29912390 0.90451951
0.30037547 0.90484479
0.30162703 0.90512842
0.30287860 0.90536896
0.30413016 0.90556497
0.30538173 0.90571499
0.30663329 0.90581759
0.30788486 0.90587132
0.30913642 0.90587473
0.31038798 0.90582638
0.31163955 0.90572484
0.31289111 0.90556867
0.31414268 0.90535643
0.31539424 0.90508671
0.31664581 0.90475808
0.31789737 0.90436914
0.31914894 0.90391849
0.32040050 0.90340473
0.32165207 0.90282648
0.32290363 0.90218236
0.32415519 0.90147102
0.32540676 0.90069112
0.32665832 0.89984130
0.32790989 0.89892027
0.32916145 0.89792669
0.33041302 0.89685930
0.33166458 0.89571681
0.33291615 0.89449797
0.33416771 0.89320153
0.33541927 0.89182627
0.33667084 0.89037099
0.33792240 0.88883451
0.33917397 0.88721567
0.34042553 0.88551332
0.34167710 0.88372634
0.34292866 0.88185363
0.34418023 0.87989413
0.34543179 0.87784677
0.34668335 0.87571053
0.34793492 0.87348441
0.34918648 0.87116743
0.35043805 0.86875863
0.35168961 0.86625710
0.35294118 0.86366192
0.35419274 0.86097223
0.35544431 0.85818719
0.35669587 0.85530597
0.35794743 0.85232779
0.35919900 0.84925190
0.36045056 0.84607755
0.36170213 0.84280406
0.36295369 0.83943075
0.36420526 0.83595699
0.36545682 0.83238216
0.36670839 0.82870570
0.36795995 0.82492705
0.36921151 0.82104571
0.37046308 0.81706120
0.37171464 0.81297306
0.37296621 0.80878089
0.37421777 0.80448430
0.37546934 0.80008295
0.37672090 0.79557652
0.37797247 0.79096473
0.37922403 0.78624734
0.38047559 0.78142414
0.38172716 0.77649494
0.38297872 0.77145961
0.38423029 0.76631804
0.38548185 0.76107015
0.38673342 0.75571592
0.38798498 0.75025532
0.38923655 0.74468841
0.39048811 0.73901524
0.39173967 0.73323593
0.39299124 0.72735060
0.39424280 0.72135943
0.39549437 0.71526264
0.39674593 0.70906046
0.39799750 0.70275318
0.39924906 0.69634112
0.40050063 0.68982462
0.40175219 0.68320406
0.40300375 0.67647988
0.40425532 0.66965253
0.40550688 0.66272250
0.40675845 0.65569031
0.40801001 0.64855653
0.40926158 0.64132176
0.41051314 0.63398661
0.41176471 0.62655177
0.41301627 0.61901792
0.41426783 0.61138581
0.41551940 0.60365618
0.41677096 0.59582986
0.41802253 0.58790766
0.41927409 0.57989045
0.42052566 0.57177914
0.42177722 0.56357466
0.42302879 0.55527796
0.42428035 0.54689004
0.42553191 0.53841194
0.42678348 0.52984470
0.42803504 0.52118942
0.42928661 0.51244722
0.43053817 0.50361925
0.43178974 0.49470669
0.43304130 0.48571074
0.43429287 0.47663265
0.43554443 0.46747368
0.43679599 0.45823513
0.43804756 0.44891832
0.43929912 0.43952460
0.44055069 0.43005536
0.44180225 0.42051199
0.44305382 0.41089593
0.44430538 0.40120863
0.44555695 0.39145158
0.44680851 0.38162628
0.44806008 0.37173426
0.44931164 0.36177707
0.45056320 0.35175630
0.45181477 0.34167354
0.45306633 0.33153042
0.45431790 0.32132858
0.45556946 0.31106968
0.45682103 0.30075541
0.45807259 0.29038748
0.45932416 0.27996761
0.46057572 0.26949755
0.46182728 0.25897905
0.46307885 0.24841389
0.46433041 0.23780388
0.46558198 0.22715083
0.46683354 0.21645656
0.46808511 0.20572292
0.46933667 0.19495176
0.47058824 0.18414497
0.47183980 0.17330443
0.47309136 0.16243203
0.47434293 0.15152969
0.47559449 0.14059932
0.47684606 0.12964288
0.47809762 0.11866229
0.47934919 0.10765951
0.48060075 0.09663650
0.48185232 0.08559524
0.48310388 0.07453770
0.48435544 0.06346586
0.48560701 0.05238172
0.48685857 0.04128728
0.48811014 0.03018453
0.48936170 0.01907549
0.49061327 0.00796215
0.49186483 -0.00315346
0.49311640 -0.01426934
0.49436796 -0.02538346
0.49561952 -0.03649381
0.49687109 -0.04759837
0.49812265 -0.05869513
0.49937422 -0.06978207
0.50062578 -0.08085718
0.50187735 -0.09191845
0.50312891 -0.10296387
0.50438048 -0.11399143
0.50563204 -0.12499914
0.50688360 -0.13598500
0.50813517 -0.14694703
0.50938673 -0.15788324
0.51063830 -0.16879166
0.51188986 -0.17967033
0.51314143 -0.19051728
0.51439299 -0.20133058
0.51564456 -0.21210827
0.51689612 -0.22284844
0.51814768 -0.23354917
0.51939925 -0.24420856
0.52065081 -0.25482470
0.52190238 -0.26539573
0.52315394 -0.27591978
0.52440551 -0.28639500
0.52565707 -0.29681956
0.52690864 -0.30719163
0.52816020 -0.31750942
0.52941176 -0.32777113
0.53066333 -0.33797501
0.53191489 -0.34811929
0.53316646 -0.35820226
0.53441802 -0.36822219
0.53566959 -0.37817740
0.53692115 -0.38806621
0.53817272 -0.39788698
0.53942428 -0.40763808
0.54067584 -0.41731789
0.54192741 -0.42692485
0.54317897 -0.43645738
0.54443054 -0.44591395
0.54568210 -0.45529306
0.54693367 -0.46459321
0.54818523 -0.47381294
0.54943680 -0.48295082
0.55068836 -0.49200544
0.55193992 -0.50097542
0.55319149 -0.50985940
0.55444305 -0.51865606
0.55569462 -0.52736410
0.55694618 -0.53598225
0.55819775 -0.54450927
0.55944931 -0.55294395
0.56070088 -0.56128511
0.56195244 -0.56953160
0.56320401 -0.57768231
0.56445557 -0.58573613
0.56570713 -0.59369202
0.56695870 -0.60154896
0.56821026 -0.60930595
0.56946183 -0.61696203
0.57071339 -0.62451628
0.57196496 -0.63196780
0.57321652 -0.63931574
0.57446809 -0.64655926
0.57571965 -0.65369759
0.57697121 -0.66072996
0.57822278 -0.66765566
0.57947434 -0.67447399
0.58072591 -0.68118430
0.58197747 -0.68778598
0.58322904 -0.69427845
0.58448060 -0.70066116
0.58573217 -0.70693361
0.58698373 -0.71309532
0.58823529 -0.71914585
0.58948686 -0.72508482
0.59073842 -0.73091185
0.59198999 -0.73662662
0.59324155 -0.74222883
0.59449312 -0.74771825
0.59574468 -0.75309464
0.59699625 -0.75835784
0.59824781 -0.76350770
0.59949937 -0.76854412
0.60075094 -0.77346702
0.60200250 -0.77827639
0.60325407 -0.78297222
0.60450563 -0.78755456
0.60575720 -0.79202349
0.60700876 -0.79637913
0.60826033 -0.80062164
0.60951189 -0.80475120
0.61076345 -0.80876804
0.61201502 -0.81267243
0.61326658 -0.81646466
0.61451815 -0.82014508
0.61576971 -0.82371406
0.61702128 -0.82717200
0.61827284 -0.83051935
0.61952441 -0.83375660
0.62077597 -0.83688425
0.62202753 -0.83990286
0.62327910 -0.84281301
0.62453066 -0.84561532
0.62578223 -0.84831044
0.62703379 -0.85089906
0.62828536 -0.85338191
0.62953692 -0.85575973
0.63078849 -0.85803332
0.63204005 -0.86020348
0.63329161 -0.86227108
0.63454318 -0.86423699
0.63579474 -0.86610214
0.63704631 -0.86786745
0.63829787 -0.86953392
0.63954944 -0.87110254
0.64080100 -0.87257436
0.64205257 -0.87395042
0.64330413 -0.87523183
0.64455569 -0.87641971
0.64580726 -0.87751520
0.64705882 -0.87851947
0.64831039 -0.87943373
0.64956195 -0.88025920
0.65081352 -0.88099714
0.65206508 -0.88164881
0.65331665 -0.88221553
0.65456821 -0.88269860
0.65581977 -0.88309938
0.65707134 -0.88341923
0.65832290 -0.88365955
0.65957447 -0.88382173
0.66082603 -0.88390721
0.66207760 -0.88391744
0.66332916 -0.88385388
0.66458073 -0.88371802
0.66583229 -0.88351135
0.66708385 -0.88323540
0.66833542 -0.88289169
0.66958698 -0.88248178
0.67083855 -0.88200721
0.67209011 -0.88146957
0.67334168 -0.88087044
0.67459324 -0.88021142
0.67584481 -0.87949411
0.67709637 -0.87872013
0.67834793 -0.87789110
0.67959950 -0.87700865
0.68085106 -0.87607444
0.68210263 -0.87509009
0.68335419 -0.87405727
0.68460576 -0.87297762
0.68585732 -0.87185280
0.68710889 -0.87068448
0.68836045 -0.86947431
0.68961202 -0.86822395
0.69086358 -0.86693507
0.69211514 -0.86560932
0.69336671 -0.86424837
0.69461827 -0.86285385
0.69586984 -0.86142743
0.69712140 -0.85997074
0.69837297 -0.85848542
0.69962453 -0.85697309
0.70087610 -0.85543539
0.70212766 -0.85387390
0.70337922 -0.85229024
0.70463079 -0.85068599
0.70588235 -0.84906273
0.70713392 -0.84742201
0.70838548 -0.84576538
0.70963705 -0.84409436
0.71088861 -0.84241048
0.71214018 -0.84071523
0.71339174 -0.83901007
0.71464330 -0.83729647
0.71589487 -0.83557585
0.71714643 -0.83384964
0.71839800 -0.83211921
0.71964956 -0.83038593
0.72090113 -0.82865113
0.72215269 -0.82691613
0.72340426 -0.82518221
0.72465582 -0.82345063
0.72590738 -0.82172260
0.72715895 -0.81999933
0.72841051 -0.81828197
0.72966208 -0.81657166
0.73091364 -0.81486949
0.73216521 -0.81317651
0.73341677 -0.81149376
0.73466834 -0.80982222
0.73591990 -0.80816284
0.73717146 -0.80651653
0.73842303 -0.80488416
0.73967459 -0.80326656
0.74092616 -0.80166452
0.74217772 -0.80007878
0.74342929 -0.79851004
0.74468085 -0.79695897
0.74593242 -0.79542616
0.74718398 -0.79391218
0.74843554 -0.79241756
0.74968711 -0.79094275
0.75093867 -0.78948817
0.75219024 -0.78805420
0.75344180 -0.78664115
0.75469337 -0.78524929
0.75594493 -0.78387883
0.75719650 -0.78252992
0.75844806 -0.78120269
0.75969962 -0.77989717
0.76095119 -0.77861336
0.76220275 -0.77735120
0.76345432 -0.77611057
0.76470588 -0.77489130
0.76595745 -0.77369315
0.76720901 -0.77251584
0.76846058 -0.77135900
0.76971214 -0.77022223
0.77096370 -0.76910505
0.77221527 -0.76800693
0.77346683 -0.76692728
0.77471840 -0.76586544
0.77596996 -0.76482069
0.77722153 -0.76379224
0.77847309 -0.76277926
0.77972466 -0.76178083
0.78097622 -0.76079598
0.78222778 -0.75982368
0.78347935 -0.75886283
0.78473091 -0.75791227
0.78598248 -0.75697075
0.78723404 -0.75603700
0.78848561 -0.75510965
0.78973717 -0.75418729
0.79098874 -0.75326842
0.79224030 -0.75235150
0.79349186 -0.75143491
0.79474343 -0.75051697
0.79599499 -0.74959594
0.79724656 -0.74867002
0.79849812 -0.74773732
0.79974969 -0.74679592
0.80100125 -0.74584383
0.80225282 -0.74487899
0.80350438 -0.74389927
0.80475594 -0.74290249
0.80600751 -0.74188643
0.80725907 -0.74084876
0.80851064 -0.73978715
0.80976220 -0.73869916
0.81101377 -0.73758233
0.81226533 -0.73643412
0.81351690 -0.73525194
0.81476846 -0.73403315
0.81602003 -0.73277507
0.81727159 -0.73147493
0.81852315 -0.73012995
0.81977472 -0.72873728
0.82102628 -0.72729402
0.82227785 -0.72579722
0.82352941 -0.72424390
0.82478098 -0.72263103
0.82603254 -0.72095554
0.82728411 -0.71921431
0.82853567 -0.71740418
0.82978723 -0.71552197
0.83103880 -0.71356446
0.83229036 -0.71152838
0.83354193 -0.70941046
0.83479349 -0.70720737
0.83604506 -0.70491578
0.83729662 -0.70253232
0.83854819 -0.70005360
0.83979975 -0.69747622
0.84105131 -0.69479677
0.84230288 -0.69201180
0.84355444 -0.68911788
0.84480601 -0.68611155
0.84605757 -0.68298936
0.84730914 -0.67974786
0.84856070 -0.67638358
0.84981227 -0.67289309
0.85106383 -0.66927294
0.85231539 -0.66551971
0.85356696 -0.66162999
0.85481852 -0.65760038
0.85607009 -0.65342752
0.85732165 -0.64910808
0.85857322 -0.64463873
0.85982478 -0.64001622
0.86107635 -0.63523732
0.86232791 -0.63029883
0.86357947 -0.62519763
0.86483104 -0.61993062
0.86608260 -0.61449480
0.86733417 -0.60888719
0.86858573 -0.60310492
0.86983730 -0.59714516
0.87108886 -0.59100518
0.87234043 -0.58468233
0.87359199 -0.57817405
0.87484355 -0.57147787
0.87609512 -0.56459144
0.87734668 -0.55751250
0.87859825 -0.55023890
0.87984981 -0.54276865
0.88110138 -0.53509983
0.88235294 -0.52723070
0.88360451 -0.51915963
0.88485607 -0.51088516
0.88610763 -0.50240598
0.88735920 -0.49372092
0.88861076 -0.48482900
0.88986233 -0.47572942
0.89111389 -0.46642155
0.89236546 -0.45690495
0.89361702 -0.44717940
0.89486859 -0.43724487
0.89612015 -0.42710155
0.89737171 -0.41674985
0.89862328 -0.40619043
0.89987484 -0.39542418
0.90112641 -0.38445224
0.90237797 -0.37327602
0.90362954 -0.36189718
0.90488110 -0.35031770
0.90613267 -0.33853980
0.90738423 -0.32656603
0.90863579 -0.31439924
0.90988736 -0.30204260
0.91113892 -0.28949962
0.91239049 -0.27677413
0.91364205 -0.26387034
0.91489362 -0.25079280
0.91614518 -0.23754644
0.91739675 -0.22413657
0.91864831 -0.21056892
0.91989987 -0.19684961
0.92115144 -0.18298519
0.92240300 -0.16898263
0.92365457 -0.15484936
0.92490613 -0.14059328
0.92615770 -0.12622273
0.92740926 -0.11174657
0.92866083 -0.09717413
0.92991239 -0.08251528
0.93116395 -0.06778040
0.93241552 -0.05298041
0.93366708 -0.03812680
0.93491865 -0.02323162
0.93617021 -0.00830750
0.93742178 0.00663233
0.93867334 0.02157400
0.93992491 0.03650304
0.94117647 0.05140432
0.94242804 0.06626203
0.94367960 0.08105972
0.94493116 0.09578021
0.94618273 0.11040561
0.94743429 0.12491731
0.94868586 0.13929594
0.94993742 0.15352139
0.95118899 0.16757274
0.95244055 0.18142828
0.95369212 0.19506546
0.95494368 0.20846092
0.95619524 0.22159042
0.95744681 0.23442886
0.95869837 0.24695021
0.95994994 0.25912756
0.96120150 0.27093305
0.96245307 0.28233784
0.96370463 0.29331213
0.96495620 0.30382512
0.96620776 0.31384498
0.96745932 0.32333883
0.96871089 0.33227275
0.96996245 0.34061170
0.97121402 0.34831955
0.97246558 0.35535901
0.97371715 0.36169166
0.97496871 0.36727789
0.97622028 0.37207686
0.97747184 0.37604654
0.97872340 0.37914361
0.97997497 0.38132348
0.98122653 0.38254027
0.98247810 0.38274674
0.98372966 0.38189431
0.98498123 0.37993302
0.98623279 0.37681148
0.98748436 0.37247687
0.98873592 0.36687491
0.98998748 0.35994983
0.99123905 0.35164431
0.99249061 0.34189950
0.99374218 0.33065498
0.99499374 0.31784869
0.99624531 0.30341695
0.99749687 0.28729441
0.99874844 0.26941401
1.00000000 0.24970697
