0.00000000 0.22024593
0.01010101 -0.09347497
0.02020202 0.14180027
0.03030303 0.02227524
0.04040404 0.13504724
0.05050505 0.49346895
0.06060606 0.37758972
0.07070707 0.40390159
0.08080808 0.14771373
0.09090909 0.69043644
0.10101010 0.53251568
0.11111111 0.93556571
0.12121212 0.81807891
0.13131313 1.06436339
0.14141414 1.02721339
0.15151515 1.17661501
0.16161616 1.10487138
0.17171717 1.06534534
0.18181818 0.80602699
0.19191919 0.95644586
0.20202020 1.07171784
0.21212121 1.05727695
0.22222222 1.46340423
0.23232323 0.59248484
0.24242424 0.82115129
0.25252525 1.20493302
0.26262626 1.56362420
0.27272727 0.66880928
0.28282828 0.56733840
0.29292929 0.85871957
0.30303030 0.77048134
0.31313131 0.89330502
0.32323232 0.51362012
0.33333333 0.62312050
0.34343434 0.90805319
0.35353535 0.79135164
0.36363636 1.00030837
0.37373737 0.27997188
0.38383838 0.87706087
0.39393939 0.69287484
0.40404040 0.50447281
0.41414141 0.66109886
0.42424242 0.33788102
0.43434343 0.19280115
0.44444444 0.44628346
0.45454545 -0.43604724
0.46464646 0.17507892
0.47474747 0.19445661
0.48484848 0.46518027
0.49494949 -0.01200440
0.50505051 -0.01680595
0.51515152 0.59431576
0.52525253 -0.49660920
0.53535354 -0.06185322
0.54545455 0.00295281
0.55555556 -0.83175347
0.56565657 -0.78650692
0.57575758 -0.19565775
0.58585859 -0.45735809
0.59595960 -1.21618840
0.60606061 -0.80299889
0.61616162 -0.69676244
0.62626263 -0.90649679
0.63636364 -0.90795448
0.64646465 -0.59531097
0.65656566 -0.96844744
0.66666667 -0.74723629
0.67676768 -0.94194617
0.68686869 -1.16463158
0.69696970 -1.06482038
0.70707071 -1.26639225
0.71717172 -1.03180324
0.72727273 -1.02870124
0.73737374 -0.67279177
0.74747475 -0.91777133
0.75757576 -1.34238694
0.76767677 -0.88296890
0.77777778 -0.83008760
0.78787879 -0.59011954
0.79797980 -0.96710506
0.80808081 -0.55088948
0.81818182 -0.89838126
0.82828283 -0.94305325
0.83838384 -0.19426407
0.84848485 -1.10937038
0.85858586 -0.69004294
0.86868687 -0.53740494
0.87878788 -0.90235431
0.88888889 -0.66975782
0.89898990 -0.84605177
0.90909091 -0.30219448
0.91919192 -0.05842571
0.92929293 -0.17010847
0.93939394 -0.11684066
0.94949495 -0.40031302
0.95959596 -0.36694042
0.96969697 0.12942543
0.97979798 -0.35329536
0.98989899 -0.11128458
1.00000000 -0.50893592
