0.00000000 0.00000000
0.00125156 0.00786373
0.00250313 0.01572697
0.00375469 0.02358925
0.00500626 0.03145006
0.00625782 0.03930893
0.00750939 0.04716536
0.00876095 0.05501888
0.01001252 0.06286900
0.01126408 0.07071523
0.01251564 0.07855709
0.01376721 0.08639409
0.01501877 0.09422575
0.01627034 0.10205158
0.01752190 0.10987110
0.01877347 0.11768382
0.02002503 0.12548927
0.02127660 0.13328696
0.02252816 0.14107640
0.02377972 0.14885712
0.02503129 0.15662864
0.02628285 0.16439047
0.02753442 0.17214213
0.02878598 0.17988315
0.03003755 0.18761305
0.03128911 0.19533134
0.03254068 0.20303755
0.03379224 0.21073121
0.03504380 0.21841184
0.03629537 0.22607896
0.03754693 0.23373210
0.03879850 0.24137078
0.04005006 0.24899455
0.04130163 0.25660291
0.04255319 0.26419540
0.04380476 0.27177156
0.04505632 0.27933091
0.04630788 0.28687299
0.04755945 0.29439732
0.04881101 0.30190345
0.05006258 0.30939092
0.05131414 0.31685925
0.05256571 0.32430798
0.05381727 0.33173666
0.05506884 0.33914483
0.05632040 0.34653202
0.05757196 0.35389779
0.05882353 0.36124167
0.06007509 0.36856321
0.06132666 0.37586196
0.06257822 0.38313746
0.06382979 0.39038928
0.06508135 0.39761695
0.06633292 0.40482003
0.06758448 0.41199808
0.06883605 0.41915065
0.07008761 0.42627730
0.07133917 0.43337760
0.07259074 0.44045109
0.07384230 0.44749734
0.07509387 0.45451592
0.07634543 0.46150640
0.07759700 0.46846833
0.07884856 0.47540130
0.08010013 0.48230487
0.08135169 0.48917861
0.08260325 0.49602210
0.08385482 0.50283492
0.08510638 0.50961664
0.08635795 0.51636685
0.08760951 0.52308513
0.08886108 0.52977106
0.09011264 0.53642423
0.09136421 0.54304423
0.09261577 0.54963064
0.09386733 0.55618307
0.09511890 0.56270110
0.09637046 0.56918434
0.09762203 0.57563238
0.09887359 0.58204482
0.10012516 0.58842127
0.10137672 0.59476133
0.10262829 0.60106461
0.10387985 0.60733072
0.10513141 0.61355928
0.10638298 0.61974989
0.10763454 0.62590218
0.10888611 0.63201576
0.11013767 0.63809026
0.11138924 0.64412530
0.11264080 0.65012051
0.11389237 0.65607551
0.11514393 0.66198995
0.11639549 0.66786345
0.11764706 0.67369564
0.11889862 0.67948618
0.12015019 0.68523470
0.12140175 0.69094084
0.12265332 0.69660426
0.12390488 0.70222460
0.12515645 0.70780151
0.12640801 0.71333465
0.12765957 0.71882368
0.12891114 0.72426826
0.13016270 0.72966806
0.13141427 0.73502273
0.13266583 0.74033194
0.13391740 0.74559538
0.13516896 0.75081271
0.13642053 0.75598360
0.13767209 0.76110775
0.13892365 0.76618483
0.14017522 0.77121454
0.14142678 0.77619655
0.14267835 0.78113056
0.14392991 0.78601627
0.14518148 0.79085337
0.14643304 0.79564156
0.14768461 0.80038056
0.14893617 0.80507005
0.15018773 0.80970977
0.15143930 0.81429941
0.15269086 0.81883869
0.15394243 0.82332734
0.15519399 0.82776508
0.15644556 0.83215163
0.15769712 0.83648671
0.15894869 0.84077007
0.16020025 0.84500144
0.16145181 0.84918055
0.16270338 0.85330715
0.16395494 0.85738099
0.16520651 0.86140180
0.16645807 0.86536934
0.16770964 0.86928337
0.16896120 0.87314365
0.17021277 0.87694993
0.17146433 0.88070198
0.17271589 0.88439957
0.17396746 0.88804246
0.17521902 0.89163045
0.17647059 0.89516329
0.17772215 0.89864078
0.17897372 0.90206270
0.18022528 0.90542883
0.18147685 0.90873897
0.18272841 0.91199292
0.18397997 0.91519047
0.18523154 0.91833143
0.18648310 0.92141559
0.18773467 0.92444278
0.18898623 0.92741280
0.19023780 0.93032547
0.19148936 0.93318061
0.19274093 0.93597804
0.19399249 0.93871760
0.19524406 0.94139910
0.19649562 0.94402239
0.19774718 0.94658729
0.19899875 0.94909367
0.20025031 0.95154135
0.20150188 0.95393019
0.20275344 0.95626004
0.20400501 0.95853075
0.20525657 0.96074219
0.20650814 0.96289422
0.20775970 0.96498671
0.20901126 0.96701952
0.21026283 0.96899253
0.21151439 0.97090562
0.21276596 0.97275866
0.21401752 0.97455156
0.21526909 0.97628419
0.21652065 0.97795644
0.21777222 0.97956822
0.21902378 0.98111943
0.22027534 0.98260996
0.22152691 0.98403973
0.22277847 0.98540864
0.22403004 0.98671662
0.22528160 0.98796358
0.22653317 0.98914945
0.22778473 0.99027415
0.22903630 0.99133761
0.23028786 0.99233977
0.23153942 0.99328056
0.23279099 0.99415993
0.23404255 0.99497782
0.23529412 0.99573418
0.23654568 0.99642896
0.23779725 0.99706213
0.23904881 0.99763364
0.24030038 0.99814346
0.24155194 0.99859155
0.24280350 0.99897789
0.24405507 0.99930245
0.24530663 0.99956522
0.24655820 0.99976618
0.24780976 0.99990531
0.24906133 0.99998261
0.25031289 0.99999807
0.25156446 0.99995169
0.25281602 0.99984347
0.25406758 0.99967343
0.25531915 0.99944156
0.25657071 0.99914790
0.25782228 0.99879244
0.25907384 0.99837522
0.26032541 0.99789626
0.26157697 0.99735559
0.26282854 0.99675325
0.26408010 0.99608927
0.26533166 0.99536369
0.26658323 0.99457656
0.26783479 0.99372792
0.26908636 0.99281784
0.27033792 0.99184635
0.27158949 0.99081354
0.27284105 0.98971945
0.27409262 0.98856416
0.27534418 0.98734773
0.27659574 0.98607025
0.27784731 0.98473180
0.27909887 0.98333244
0.28035044 0.98187228
0.28160200 0.98035140
0.28285357 0.97876990
0.28410513 0.97712787
0.28535670 0.97542541
0.28660826 0.97366264
0.28785982 0.97183965
0.28911139 0.96995657
0.29036295 0.96801350
0.29161452 0.96601058
0.29286608 0.96394792
0.29411765 0.96182564
0.29536921 0.95964389
0.29662078 0.95740280
0.29787234 0.95510250
0.29912390 0.95274313
0.30037547 0.95032485
0.30162703 0.94784781
0.30287860 0.94531215
0.30413016 0.94271803
0.30538173 0.94006561
0.30663329 0.93735507
0.30788486 0.93458655
0.30913642 0.93176024
0.31038798 0.92887632
0.31163955 0.92593495
0.31289111 0.92293632
0.31414268 0.91988062
0.31539424 0.91676804
0.31664581 0.91359876
0.31789737 0.91037298
0.31914894 0.90709091
0.32040050 0.90375275
0.32165207 0.90035870
0.32290363 0.89690897
0.32415519 0.89340378
0.32540676 0.88984333
0.32665832 0.88622787
0.32790989 0.88255759
0.32916145 0.87883275
0.33041302 0.87505355
0.33166458 0.87122025
0.33291615 0.86733306
0.33416771 0.86339224
0.33541927 0.85939803
0.33667084 0.85535068
0.33792240 0.85125043
0.33917397 0.84709754
0.34042553 0.84289227
0.34167710 0.83863487
0.34292866 0.83432562
0.34418023 0.82996477
0.34543179 0.82555259
0.34668335 0.82108936
0.34793492 0.81657536
0.34918648 0.81201086
0.35043805 0.80739615
0.35168961 0.80273151
0.35294118 0.79801723
0.35419274 0.79325360
0.35544431 0.78844091
0.35669587 0.78357947
0.35794743 0.77866957
0.35919900 0.77371152
0.36045056 0.76870563
0.36170213 0.76365220
0.36295369 0.75855154
0.36420526 0.75340398
0.36545682 0.74820982
0.36670839 0.74296940
0.36795995 0.73768304
0.36921151 0.73235105
0.37046308 0.72697378
0.37171464 0.72155155
0.37296621 0.71608470
0.37421777 0.71057357
0.37546934 0.70501850
0.37672090 0.69941983
0.37797247 0.69377791
0.37922403 0.68809309
0.38047559 0.68236571
0.38172716 0.67659614
0.38297872 0.67078473
0.38423029 0.66493184
0.38548185 0.65903783
0.38673342 0.65310306
0.38798498 0.64712791
0.38923655 0.64111274
0.39048811 0.63505792
0.39173967 0.62896383
0.39299124 0.62283085
0.39424280 0.61665935
0.39549437 0.61044972
0.39674593 0.60420234
0.39799750 0.59791759
0.39924906 0.59159587
0.40050063 0.58523757
0.40175219 0.57884307
0.40300375 0.57241278
0.40425532 0.56594709
0.40550688 0.55944641
0.40675845 0.55291113
0.40801001 0.54634166
0.40926158 0.53973840
0.41051314 0.53310176
0.41176471 0.52643216
0.41301627 0.51973001
0.41426783 0.51299571
0.41551940 0.50622969
0.41677096 0.49943237
0.41802253 0.49260416
0.41927409 0.48574549
0.42052566 0.47885679
0.42177722 0.47193847
0.42302879 0.46499096
0.42428035 0.45801470
0.42553191 0.45101012
0.42678348 0.44397765
0.42803504 0.43691772
0.42928661 0.42983077
0.43053817 0.42271725
0.43178974 0.41557758
0.43304130 0.40841221
0.43429287 0.40122159
0.43554443 0.39400616
0.43679599 0.38676636
0.43804756 0.37950264
0.43929912 0.37221546
0.44055069 0.36490526
0.44180225 0.35757249
0.44305382 0.35021761
0.44430538 0.34284108
0.44555695 0.33544334
0.44680851 0.32802486
0.44806008 0.32058609
0.44931164 0.31312750
0.45056320 0.30564955
0.45181477 0.29815269
0.45306633 0.29063740
0.45431790 0.28310414
0.45556946 0.27555336
0.45682103 0.26798555
0.45807259 0.26040117
0.45932416 0.25280068
0.46057572 0.24518456
0.46182728 0.23755328
0.46307885 0.22990731
0.46433041 0.22224712
0.46558198 0.21457318
0.46683354 0.20688598
0.46808511 0.19918599
0.46933667 0.19147367
0.47058824 0.18374952
0.47183980 0.17601400
0.47309136 0.16826760
0.47434293 0.16051079
0.47559449 0.15274406
0.47684606 0.14496788
0.47809762 0.13718274
0.47934919 0.12938911
0.48060075 0.12158748
0.48185232 0.11377834
0.48310388 0.10596216
0.48435544 0.09813942
0.48560701 0.09031062
0.48685857 0.08247623
0.48811014 0.07463674
0.48936170 0.06679263
0.49061327 0.05894440
0.49186483 0.05109252
0.49311640 0.04323748
0.49436796 0.03537977
0.49561952 0.02751987
0.49687109 0.01965826
0.49812265 0.01179544
0.49937422 0.00393190
0.50062578 -0.00393190
0.50187735 -0.01179544
0.50312891 -0.01965826
0.50438048 -0.02751987
0.50563204 -0.03537977
0.50688360 -0.04323748
0.50813517 -0.05109252
0.50938673 -0.05894440
0.51063830 -0.06679263
0.51188986 -0.07463674
0.51314143 -0.08247623
0.51439299 -0.09031062
0.51564456 -0.09813942
0.51689612 -0.10596216
0.51814768 -0.11377834
0.51939925 -0.12158748
0.52065081 -0.12938911
0.52190238 -0.13718274
0.52315394 -0.14496788
0.52440551 -0.15274406
0.52565707 -0.16051079
0.52690864 -0.16826760
0.52816020 -0.17601400
0.52941176 -0.18374952
0.53066333 -0.19147367
0.53191489 -0.19918599
0.53316646 -0.20688598
0.53441802 -0.21457318
0.53566959 -0.22224712
0.53692115 -0.22990731
0.53817272 -0.23755328
0.53942428 -0.24518456
0.54067584 -0.25280068
0.54192741 -0.26040117
0.54317897 -0.26798555
0.54443054 -0.27555336
0.54568210 -0.28310414
0.54693367 -0.29063740
0.54818523 -0.29815269
0.54943680 -0.30564955
0.55068836 -0.31312750
0.55193992 -0.32058609
0.55319149 -0.32802486
0.55444305 -0.33544334
0.55569462 -0.34284108
0.55694618 -0.35021761
0.55819775 -0.35757249
0.55944931 -0.36490526
0.56070088 -0.37221546
0.56195244 -0.37950264
0.56320401 -0.38676636
0.56445557 -0.39400616
0.56570713 -0.40122159
0.56695870 -0.40841221
0.56821026 -0.41557758
0.56946183 -0.42271725
0.57071339 -0.42983077
0.57196496 -0.43691772
0.57321652 -0.44397765
0.57446809 -0.45101012
0.57571965 -0.45801470
0.57697121 -0.46499096
0.57822278 -0.47193847
0.57947434 -0.47885679
0.58072591 -0.48574549
0.58197747 -0.49260416
0.58322904 -0.49943237
0.58448060 -0.50622969
0.58573217 -0.51299571
0.58698373 -0.51973001
0.58823529 -0.52643216
0.58948686 -0.53310176
0.59073842 -0.53973840
0.59198999 -0.54634166
0.59324155 -0.55291113
0.59449312 -0.55944641
0.59574468 -0.56594709
0.59699625 -0.57241278
0.59824781 -0.57884307
0.59949937 -0.58523757
0.60075094 -0.59159587
0.60200250 -0.59791759
0.60325407 -0.60420234
0.60450563 -0.61044972
0.60575720 -0.61665935
0.60700876 -0.62283085
0.60826033 -0.62896383
0.60951189 -0.63505792
0.61076345 -0.64111274
0.61201502 -0.64712791
0.61326658 -0.65310306
0.61451815 -0.65903783
0.61576971 -0.66493184
0.61702128 -0.67078473
0.61827284 -0.67659614
0.61952441 -0.68236571
0.62077597 -0.68809309
0.62202753 -0.69377791
0.62327910 -0.69941983
0.62453066 -0.70501850
0.62578223 -0.71057357
0.62703379 -0.71608470
0.62828536 -0.72155155
0.62953692 -0.72697378
0.63078849 -0.73235105
0.63204005 -0.73768304
0.63329161 -0.74296940
0.63454318 -0.74820982
0.63579474 -0.75340398
0.63704631 -0.75855154
0.63829787 -0.76365220
0.63954944 -0.76870563
0.64080100 -0.77371152
0.64205257 -0.77866957
0.64330413 -0.78357947
0.64455569 -0.78844091
0.64580726 -0.79325360
0.64705882 -0.79801723
0.64831039 -0.80273151
0.64956195 -0.80739615
0.65081352 -0.81201086
0.65206508 -0.81657536
0.65331665 -0.82108936
0.65456821 -0.82555259
0.65581977 -0.82996477
0.65707134 -0.83432562
0.65832290 -0.83863487
0.65957447 -0.84289227
0.66082603 -0.84709754
0.66207760 -0.85125043
0.66332916 -0.85535068
0.66458073 -0.85939803
0.66583229 -0.86339224
0.66708385 -0.86733306
0.66833542 -0.87122025
0.66958698 -0.87505355
0.67083855 -0.87883275
0.67209011 -0.88255759
0.67334168 -0.88622787
0.67459324 -0.88984333
0.67584481 -0.89340378
0.67709637 -0.89690897
0.67834793 -0.90035870
0.67959950 -0.90375275
0.68085106 -0.90709091
0.68210263 -0.91037298
0.68335419 -0.91359876
0.68460576 -0.91676804
0.68585732 -0.91988062
0.68710889 -0.92293632
0.68836045 -0.92593495
0.68961202 -0.92887632
0.69086358 -0.93176024
0.69211514 -0.93458655
0.69336671 -0.93735507
0.69461827 -0.94006561
0.69586984 -0.94271803
0.69712140 -0.94531215
0.69837297 -0.94784781
0.69962453 -0.95032485
0.70087610 -0.95274313
0.70212766 -0.95510250
0.70337922 -0.95740280
0.70463079 -0.95964389
0.70588235 -0.96182564
0.70713392 -0.96394792
0.70838548 -0.96601058
0.70963705 -0.96801350
0.71088861 -0.96995657
0.71214018 -0.97183965
0.71339174 -0.97366264
0.71464330 -0.97542541
0.71589487 -0.97712787
0.71714643 -0.97876990
0.71839800 -0.98035140
0.71964956 -0.98187228
0.72090113 -0.98333244
0.72215269 -0.98473180
0.72340426 -0.98607025
0.72465582 -0.98734773
0.72590738 -0.98856416
0.72715895 -0.98971945
0.72841051 -0.99081354
0.72966208 -0.99184635
0.73091364 -0.99281784
0.73216521 -0.99372792
0.73341677 -0.99457656
0.73466834 -0.99536369
0.73591990 -0.99608927
0.73717146 -0.99675325
0.73842303 -0.99735559
0.73967459 -0.99789626
0.74092616 -0.99837522
0.74217772 -0.99879244
0.74342929 -0.99914790
0.74468085 -0.99944156
0.74593242 -0.99967343
0.74718398 -0.99984347
0.74843554 -0.99995169
0.74968711 -0.99999807
0.75093867 -0.99998261
0.75219024 -0.99990531
0.75344180 -0.99976618
0.75469337 -0.99956522
0.75594493 -0.99930245
0.75719650 -0.99897789
0.75844806 -0.99859155
0.75969962 -0.99814346
0.76095119 -0.99763364
0.76220275 -0.99706213
0.76345432 -0.99642896
0.76470588 -0.99573418
0.76595745 -0.99497782
0.76720901 -0.99415993
0.76846058 -0.99328056
0.76971214 -0.99233977
0.77096370 -0.99133761
0.77221527 -0.99027415
0.77346683 -0.98914945
0.77471840 -0.98796358
0.77596996 -0.98671662
0.77722153 -0.98540864
0.77847309 -0.98403973
0.77972466 -0.98260996
0.78097622 -0.98111943
0.78222778 -0.97956822
0.78347935 -0.97795644
0.78473091 -0.97628419
0.78598248 -0.97455156
0.78723404 -0.97275866
0.78848561 -0.97090562
0.78973717 -0.96899253
0.79098874 -0.96701952
0.79224030 -0.96498671
0.79349186 -0.96289422
0.79474343 -0.96074219
0.79599499 -0.95853075
0.79724656 -0.95626004
0.79849812 -0.95393019
0.79974969 -0.95154135
0.80100125 -0.94909367
0.80225282 -0.94658729
0.80350438 -0.94402239
0.80475594 -0.94139910
0.80600751 -0.93871760
0.80725907 -0.93597804
0.80851064 -0.93318061
0.80976220 -0.93032547
0.81101377 -0.92741280
0.81226533 -0.92444278
0.81351690 -0.92141559
0.81476846 -0.91833143
0.81602003 -0.91519047
0.81727159 -0.91199292
0.81852315 -0.90873897
0.81977472 -0.90542883
0.82102628 -0.90206270
0.82227785 -0.89864078
0.82352941 -0.89516329
0.82478098 -0.89163045
0.82603254 -0.88804246
0.82728411 -0.88439957
0.82853567 -0.88070198
0.82978723 -0.87694993
0.83103880 -0.87314365
0.83229036 -0.86928337
0.83354193 -0.86536934
0.83479349 -0.86140180
0.83604506 -0.85738099
0.83729662 -0.85330715
0.83854819 -0.84918055
0.83979975 -0.84500144
0.84105131 -0.84077007
0.84230288 -0.83648671
0.84355444 -0.83215163
0.84480601 -0.82776508
0.84605757 -0.82332734
0.84730914 -0.81883869
0.84856070 -0.81429941
0.84981227 -0.80970977
0.85106383 -0.80507005
0.85231539 -0.80038056
0.85356696 -0.79564156
0.85481852 -0.79085337
0.85607009 -0.78601627
0.85732165 -0.78113056
0.85857322 -0.77619655
0.85982478 -0.77121454
0.86107635 -0.76618483
0.86232791 -0.76110775
0.86357947 -0.75598360
0.86483104 -0.75081271
0.86608260 -0.74559538
0.86733417 -0.74033194
0.86858573 -0.73502273
0.86983730 -0.72966806
0.87108886 -0.72426826
0.87234043 -0.71882368
0.87359199 -0.71333465
0.87484355 -0.70780151
0.87609512 -0.70222460
0.87734668 -0.69660426
0.87859825 -0.69094084
0.87984981 -0.68523470
0.88110138 -0.67948618
0.88235294 -0.67369564
0.88360451 -0.66786345
0.88485607 -0.66198995
0.88610763 -0.65607551
0.88735920 -0.65012051
0.88861076 -0.64412530
0.88986233 -0.63809026
0.89111389 -0.63201576
0.89236546 -0.62590218
0.89361702 -0.61974989
0.89486859 -0.61355928
0.89612015 -0.60733072
0.89737171 -0.60106461
0.89862328 -0.59476133
0.89987484 -0.58842127
0.90112641 -0.58204482
0.90237797 -0.57563238
0.90362954 -0.56918434
0.90488110 -0.56270110
0.90613267 -0.55618307
0.90738423 -0.54963064
0.90863579 -0.54304423
0.90988736 -0.53642423
0.91113892 -0.52977106
0.91239049 -0.52308513
0.91364205 -0.51636685
0.91489362 -0.50961664
0.91614518 -0.50283492
0.91739675 -0.49602210
0.91864831 -0.48917861
0.91989987 -0.48230487
0.92115144 -0.47540130
0.92240300 -0.46846833
0.92365457 -0.46150640
0.92490613 -0.45451592
0.92615770 -0.44749734
0.92740926 -0.44045109
0.92866083 -0.43337760
0.92991239 -0.42627730
0.93116395 -0.41915065
0.93241552 -0.41199808
0.93366708 -0.40482003
0.93491865 -0.39761695
0.93617021 -0.39038928
0.93742178 -0.38313746
0.93867334 -0.37586196
0.93992491 -0.36856321
0.94117647 -0.36124167
0.94242804 -0.35389779
0.94367960 -0.34653202
0.94493116 -0.33914483
0.94618273 -0.33173666
0.94743429 -0.32430798
0.94868586 -0.31685925
0.94993742 -0.30939092
0.95118899 -0.30190345
0.95244055 -0.29439732
0.95369212 -0.28687299
0.95494368 -0.27933091
0.95619524 -0.27177156
0.95744681 -0.26419540
0.95869837 -0.25660291
0.95994994 -0.24899455
0.96120150 -0.24137078
0.96245307 -0.23373210
0.96370463 -0.22607896
0.96495620 -0.21841184
0.96620776 -0.21073121
0.96745932 -0.20303755
0.96871089 -0.19533134
0.96996245 -0.18761305
0.97121402 -0.17988315
0.97246558 -0.17214213
0.97371715 -0.16439047
0.97496871 -0.15662864
0.97622028 -0.14885712
0.97747184 -0.14107640
0.97872340 -0.13328696
0.97997497 -0.12548927
0.98122653 -0.11768382
0.98247810 -0.10987110
0.98372966 -0.10205158
0.98498123 -0.09422575
0.98623279 -0.08639409
0.98748436 -0.07855709
0.98873592 -0.07071523
0.98998748 -0.06286900
0.99123905 -0.05501888
0.99249061 -0.04716536
0.99374218 -0.03930893
0.99499374 -0.03145006
0.99624531 -0.02358925
0.99749687 -0.01572697
0.99874844 -0.00786373
1.00000000 -0.00000000
