0.00000000 0.30623405
0.01010101 -0.03965725
0.02020202 0.28028092
0.03030303 -0.01283509
0.04040404 0.02489415
0.05050505 0.34732951
0.06060606 1.11348414
0.07070707 0.80209302
0.08080808 0.16134326
0.09090909 0.64964952
0.10101010 0.51305136
0.11111111 0.85099875
0.12121212 0.39461944
0.13131313 1.28375693
0.14141414 0.38730399
0.15151515 1.29701023
0.16161616 1.39364973
0.17171717 1.03537585
0.18181818 1.28447644
0.19191919 0.75037574
0.20202020 0.83660069
0.21212121 1.19398124
0.22222222 0.71067089
0.23232323 1.26673159
0.24242424 0.62160760
0.25252525 0.99981657
0.26262626 1.09727363
0.27272727 1.32909627
0.28282828 1.10473929
0.29292929 0.90377385
0.30303030 0.84633724
0.31313131 0.56903322
0.32323232 0.90872240
0.33333333 1.17391417
0.34343434 0.97967961
0.35353535 0.97593974
0.36363636 0.53199989
0.37373737 0.68238660
0.38383838 0.40567463
0.39393939 0.80109661
0.40404040 0.73548964
0.41414141 1.12511451
0.42424242 0.32345626
0.43434343 0.44211508
0.44444444 0.46573228
0.45454545 0.27619577
0.46464646 0.28430198
0.47474747 0.59377757
0.48484848 -0.25367355
0.49494949 0.01682951
0.50505051 0.04617077
0.51515152 -0.43052153
0.52525253 -0.75504016
0.53535354 0.22244509
0.54545455 0.11621585
0.55555556 -0.80172824
0.56565657 0.01296864
0.57575758 -0.62883777
0.58585859 -0.53477099
0.59595960 -0.71505397
0.60606061 -0.28819563
0.61616162 -0.42981946
0.62626263 -0.51512831
0.63636364 -0.60008500
0.64646465 -0.71454929
0.65656566 -0.76676350
0.66666667 -0.79897854
0.67676768 -0.80986447
0.68686869 -1.30496718
0.69696970 -0.59474304
0.70707071 -0.80344324
0.71717172 -0.79244072
0.72727273 -1.01324235
0.73737374 -1.25454504
0.74747475 -0.77908274
0.75757576 -1.27739849
0.76767677 -0.92385465
0.77777778 -1.07517894
0.78787879 -0.83426989
0.79797980 -1.02096549
0.80808081 -0.70851733
0.81818182 -0.17311835
0.82828283 -0.99026140
0.83838384 -0.38892730
0.84848485 -1.10972454
0.85858586 -1.15325851
0.86868687 -1.09098074
0.87878788 -1.26217056
0.88888889 -1.21082415
0.89898990 -0.51828345
0.90909091 -0.21794883
0.91919192 -0.52719449
0.92929293 -1.09163445
0.93939394 -0.11370901
0.94949495 -0.38793939
0.95959596 -0.40863029
0.96969697 -0.90715909
0.97979798 -0.18116543
0.98989899 0.17487898
1.00000000 -0.46200143
