0.00000000 0.30623405
0.00502513 -0.07151262
0.01005025 0.21679409
0.01507538 -0.10750653
0.02010050 -0.10029414
0.02512563 0.19251011
0.03015075 0.93013335
0.03517588 0.59151969
0.04020101 -0.07494051
0.04522613 0.38936393
0.05025126 0.23066146
0.05527638 0.54858244
0.06030151 0.07442571
0.06532663 0.94819578
0.07035176 0.03893560
0.07537688 0.93853344
0.08040201 1.02788990
0.08542714 0.66527211
0.09045226 0.91306835
0.09547739 0.38078957
0.10050251 0.47203514
0.10552764 0.83769292
0.11055276 0.36595936
0.11557789 0.93692427
0.12060302 0.31004441
0.12562814 0.70983446
0.13065327 0.83219113
0.13567839 1.09219789
0.14070352 0.89926017
0.14572864 0.73288443
0.15075377 0.71312813
0.15577889 0.47650038
0.16080402 0.85975266
0.16582915 1.17127104
0.17085427 1.02598964
0.17587940 1.07367929
0.18090452 0.68348257
0.18592965 0.88975118
0.19095477 0.67087376
0.19597990 1.12588612
0.20100503 1.12141868
0.20603015 1.57351648
0.21105528 0.83544054
0.21608040 1.01855965
0.22110553 1.10727727
0.22613065 0.98323795
0.23115578 1.05699014
0.23618090 1.43200899
0.24120603 0.64974429
0.24623116 0.98482121
0.25125628 1.07786755
0.25628141 0.66375578
0.26130653 0.40043888
0.26633166 1.43749534
0.27135678 1.38895861
0.27638191 0.52658474
0.28140704 1.39449149
0.28643216 0.80330306
0.29145729 0.94517189
0.29648241 0.80965936
0.30150754 1.27805020
0.30653266 1.17452469
0.31155779 1.12369471
0.31658291 1.06942395
0.32160804 0.98169159
0.32663317 0.95210743
0.33165829 0.93828650
0.33668342 0.94143904
0.34170854 0.45591435
0.34673367 1.17116665
0.35175879 0.96287113
0.35678392 0.96959735
0.36180905 0.73979739
0.36683417 0.48474992
0.37185930 0.94171336
0.37688442 0.42015400
0.38190955 0.74573567
0.38693467 0.56177376
0.39195980 0.76542965
0.39698492 0.53694186
0.40201005 0.80315168
0.40703518 1.28797516
0.41206030 0.41604413
0.41708543 0.95851776
0.42211055 0.17494237
0.42713568 0.06488164
0.43216080 0.05706680
0.43718593 -0.18758572
0.44221106 -0.21286399
0.44723618 0.40010971
0.45226131 0.61816544
0.45728643 0.22416938
0.46231156 -0.42724303
0.46733668 0.46174546
0.47236181 0.09687844
0.47738693 -0.01587778
0.48241206 -0.60762435
0.48743719 0.02427957
0.49246231 0.28564589
0.49748744 -0.44621519
0.50251256 0.17428514
0.50753769 -0.02053561
0.51256281 0.21626394
0.51758794 -0.00051177
0.52261307 0.12285278
0.52763819 0.24480860
0.53266332 -0.07787594
0.53768844 -0.39901359
0.54271357 0.13504135
0.54773869 -0.30776021
0.55276382 -0.27762811
0.55778894 -0.26245718
0.56281407 -0.34232973
0.56783920 -0.32457610
0.57286432 -0.78069874
0.57788945 -0.06073487
0.58291457 -0.69474106
0.58793970 -0.45829972
0.59296482 -0.51472987
0.59798995 -0.36019395
0.60301508 -0.34394633
0.60804020 -0.96993771
0.61306533 -0.50515028
0.61809045 -0.35886280
0.62311558 -0.72765593
0.62814070 -0.57479588
0.63316583 -0.62615058
0.63819095 -0.69842721
0.64321608 -0.28016452
0.64824121 -0.47100052
0.65326633 -1.41577006
0.65829146 -0.92256334
0.66331658 -1.00650249
0.66834171 -1.14559907
0.67336683 -1.19485734
0.67839196 -0.97181715
0.68341709 -1.13834162
0.68844221 -1.57051841
0.69346734 -0.96863230
0.69849246 -0.84655282
0.70351759 -1.13299187
0.70854271 -1.31819274
0.71356784 -0.89338717
0.71859296 -1.41046415
0.72361809 -0.75318696
0.72864322 -1.54761379
0.73366834 -0.65877700
0.73869347 -1.04021095
0.74371859 -1.26942439
0.74874372 -1.23407881
0.75376884 -0.64714940
0.75879397 -0.14655902
0.76381910 -1.02186476
0.76884422 -1.39484904
0.77386935 -0.99327183
0.77889447 -0.69025966
0.78391960 -0.99485959
0.78894472 -1.22383678
0.79396985 -1.11159488
0.79899497 -0.73321336
0.80402010 -0.72901735
0.80904523 -0.77326981
0.81407035 -0.89091037
0.81909548 -0.35169168
0.82412060 -1.14648719
0.82914573 -1.36309733
0.83417085 -0.45764222
0.83919598 -0.88767185
0.84422111 -1.36196163
0.84924623 -1.30775658
0.85427136 -1.02587873
0.85929648 -0.68679832
0.86432161 -1.06231096
0.86934673 -0.82155766
0.87437186 -0.91204477
0.87939698 -0.91219203
0.88442211 -0.40533459
0.88944724 -1.15083830
0.89447236 -0.59102078
0.89949749 -0.72652234
0.90452261 -1.33029638
0.90954774 -0.65597757
0.91457286 -0.56464849
0.91959799 -0.24878403
0.92462312 -0.55464770
0.92964824 -0.25832432
0.93467337 -0.85388017
0.93969849 -0.19686054
0.94472362 -0.14243996
0.94974874 -0.40054556
0.95477387 0.30399416
0.95979899 0.23355450
0.96482412 -0.19464296
0.96984925 -0.36655557
0.97487437 -0.59756308
0.97989950 -0.37664550
0.98492462 -0.27900901
0.98994975 -0.34253760
0.99497487 0.26634287
1.00000000 0.10533178
