0.00000000 0.20901842
0.00125156 0.18619299
0.00250313 0.16514960
0.00375469 0.14582716
0.00500626 0.12816596
0.00625782 0.11210771
0.00750939 0.09759545
0.00876095 0.08457357
0.01001252 0.07298777
0.01126408 0.06278504
0.01251564 0.05391364
0.01376721 0.04632309
0.01501877 0.03996412
0.01627034 0.03478866
0.01752190 0.03074985
0.01877347 0.02780197
0.02002503 0.02590045
0.02127660 0.02500186
0.02252816 0.02506385
0.02377972 0.02604515
0.02503129 0.02790559
0.02628285 0.03060601
0.02753442 0.03410829
0.02878598 0.03837531
0.03003755 0.04337095
0.03128911 0.04906006
0.03254068 0.05540844
0.03379224 0.06238282
0.03504380 0.06995085
0.03629537 0.07808109
0.03754693 0.08674297
0.03879850 0.09590680
0.04005006 0.10554374
0.04130163 0.11562576
0.04255319 0.12612568
0.04380476 0.13701711
0.04505632 0.14827443
0.04630788 0.15987282
0.04755945 0.17178818
0.04881101 0.18399719
0.05006258 0.19647723
0.05131414 0.20920640
0.05256571 0.22216348
0.05381727 0.23532795
0.05506884 0.24867996
0.05632040 0.26220030
0.05757196 0.27587041
0.05882353 0.28967236
0.06007509 0.30358881
0.06132666 0.31760306
0.06257822 0.33169897
0.06382979 0.34586097
0.06508135 0.36007408
0.06633292 0.37432385
0.06758448 0.38859636
0.06883605 0.40287825
0.07008761 0.41715663
0.07133917 0.43141915
0.07259074 0.44565393
0.07384230 0.45984958
0.07509387 0.47399517
0.07634543 0.48808023
0.07759700 0.50209475
0.07884856 0.51602914
0.08010013 0.52987423
0.08135169 0.54362130
0.08260325 0.55726199
0.08385482 0.57078838
0.08510638 0.58419289
0.08635795 0.59746836
0.08760951 0.61060797
0.08886108 0.62360526
0.09011264 0.63645413
0.09136421 0.64914880
0.09261577 0.66168383
0.09386733 0.67405411
0.09511890 0.68625484
0.09637046 0.69828151
0.09762203 0.71012992
0.09887359 0.72179614
0.10012516 0.73327655
0.10137672 0.74456777
0.10262829 0.75566671
0.10387985 0.76657052
0.10513141 0.77727661
0.10638298 0.78778261
0.10763454 0.79808641
0.10888611 0.80818611
0.11013767 0.81808004
0.11138924 0.82776675
0.11264080 0.83724497
0.11389237 0.84651365
0.11514393 0.85557194
0.11639549 0.86441916
0.11764706 0.87305482
0.11889862 0.88147860
0.12015019 0.88969036
0.12140175 0.89769010
0.12265332 0.90547799
0.12390488 0.91305437
0.12515645 0.92041970
0.12640801 0.92757458
0.12765957 0.93451976
0.12891114 0.94125611
0.13016270 0.94778463
0.13141427 0.95410644
0.13266583 0.96022277
0.13391740 0.96613495
0.13516896 0.97184444
0.13642053 0.97735278
0.13767209 0.98266161
0.13892365 0.98777266
0.14017522 0.99268777
0.14142678 0.99740882
0.14267835 1.00193780
0.14392991 1.00627677
0.14518148 1.01042785
0.14643304 1.01439324
0.14768461 1.01817520
0.14893617 1.02177603
0.15018773 1.02519811
0.15143930 1.02844387
0.15269086 1.03151577
0.15394243 1.03441633
0.15519399 1.03714811
0.15644556 1.03971370
0.15769712 1.04211575
0.15894869 1.04435691
0.16020025 1.04643987
0.16145181 1.04836737
0.16270338 1.05014214
0.16395494 1.05176695
0.16520651 1.05324458
0.16645807 1.05457784
0.16770964 1.05576953
0.16896120 1.05682249
0.17021277 1.05773953
0.17146433 1.05852351
0.17271589 1.05917726
0.17396746 1.05970362
0.17521902 1.06010544
0.17647059 1.06038556
0.17772215 1.06054681
0.17897372 1.06059203
0.18022528 1.06052402
0.18147685 1.06034560
0.18272841 1.06005957
0.18397997 1.05966871
0.18523154 1.05917579
0.18648310 1.05858357
0.18773467 1.05789476
0.18898623 1.05711209
0.19023780 1.05623825
0.19148936 1.05527590
0.19274093 1.05422768
0.19399249 1.05309622
0.19524406 1.05188411
0.19649562 1.05059391
0.19774718 1.04922816
0.19899875 1.04778936
0.20025031 1.04627997
0.20150188 1.04470246
0.20275344 1.04305921
0.20400501 1.04135261
0.20525657 1.03958500
0.20650814 1.03775868
0.20775970 1.03587591
0.20901126 1.03393894
0.21026283 1.03194994
0.21151439 1.02991108
0.21276596 1.02782447
0.21401752 1.02569218
0.21526909 1.02351626
0.21652065 1.02129869
0.21777222 1.01904143
0.21902378 1.01674639
0.22027534 1.01441544
0.22152691 1.01205041
0.22277847 1.00965309
0.22403004 1.00722522
0.22528160 1.00476850
0.22653317 1.00228459
0.22778473 0.99977509
0.22903630 0.99724158
0.23028786 0.99468558
0.23153942 0.99210858
0.23279099 0.98951200
0.23404255 0.98689726
0.23529412 0.98426569
0.23654568 0.98161860
0.23779725 0.97895726
0.23904881 0.97628287
0.24030038 0.97359662
0.24155194 0.97089963
0.24280350 0.96819300
0.24405507 0.96547775
0.24530663 0.96275490
0.24655820 0.96002540
0.24780976 0.95729016
0.24906133 0.95455005
0.25031289 0.95180591
0.25156446 0.94905851
0.25281602 0.94630861
0.25406758 0.94355690
0.25531915 0.94080404
0.25657071 0.93805067
0.25782228 0.93529735
0.25907384 0.93254462
0.26032541 0.92979299
0.26157697 0.92704292
0.26282854 0.92429483
0.26408010 0.92154910
0.26533166 0.91880608
0.26658323 0.91606608
0.26783479 0.91332936
0.26908636 0.91059615
0.27033792 0.90786667
0.27158949 0.90514107
0.27284105 0.90241947
0.27409262 0.89970197
0.27534418 0.89698862
0.27659574 0.89427946
0.27784731 0.89157447
0.27909887 0.88887361
0.28035044 0.88617681
0.28160200 0.88348397
0.28285357 0.88079496
0.28410513 0.87810960
0.28535670 0.87542770
0.28660826 0.87274905
0.28785982 0.87007339
0.28911139 0.86740044
0.29036295 0.86472990
0.29161452 0.86206144
0.29286608 0.85939470
0.29411765 0.85672930
0.29536921 0.85406482
0.29662078 0.85140085
0.29787234 0.84873692
0.29912390 0.84607257
0.30037547 0.84340729
0.30162703 0.84074057
0.30287860 0.83807186
0.30413016 0.83540061
0.30538173 0.83272625
0.30663329 0.83004816
0.30788486 0.82736574
0.30913642 0.82467837
0.31038798 0.82198538
0.31163955 0.81928611
0.31289111 0.81657990
0.31414268 0.81386604
0.31539424 0.81114383
0.31664581 0.80841254
0.31789737 0.80567145
0.31914894 0.80291981
0.32040050 0.80015686
0.32165207 0.79738185
0.32290363 0.79459398
0.32415519 0.79179249
0.32540676 0.78897656
0.32665832 0.78614541
0.32790989 0.78329823
0.32916145 0.78043419
0.33041302 0.77755248
0.33166458 0.77465227
0.33291615 0.77173272
0.33416771 0.76879301
0.33541927 0.76583229
0.33667084 0.76284973
0.33792240 0.75984447
0.33917397 0.75681567
0.34042553 0.75376248
0.34167710 0.75068406
0.34292866 0.74757956
0.34418023 0.74444813
0.34543179 0.74128892
0.34668335 0.73810110
0.34793492 0.73488382
0.34918648 0.73163624
0.35043805 0.72835752
0.35168961 0.72504684
0.35294118 0.72170337
0.35419274 0.71832628
0.35544431 0.71491477
0.35669587 0.71146802
0.35794743 0.70798522
0.35919900 0.70446559
0.36045056 0.70090833
0.36170213 0.69731266
0.36295369 0.69367781
0.36420526 0.69000302
0.36545682 0.68628753
0.36670839 0.68253061
0.36795995 0.67873151
0.36921151 0.67488951
0.37046308 0.67100391
0.37171464 0.66707400
0.37296621 0.66309910
0.37421777 0.65907853
0.37546934 0.65501163
0.37672090 0.65089775
0.37797247 0.64673626
0.37922403 0.64252653
0.38047559 0.63826796
0.38172716 0.63395995
0.38297872 0.62960193
0.38423029 0.62519333
0.38548185 0.62073361
0.38673342 0.61622224
0.38798498 0.61165871
0.38923655 0.60704251
0.39048811 0.60237317
0.39173967 0.59765023
0.39299124 0.59287323
0.39424280 0.58804175
0.39549437 0.58315538
0.39674593 0.57821372
0.39799750 0.57321641
0.39924906 0.56816309
0.40050063 0.56305342
0.40175219 0.55788708
0.40300375 0.55266377
0.40425532 0.54738323
0.40550688 0.54204518
0.40675845 0.53664939
0.40801001 0.53119564
0.40926158 0.52568373
0.41051314 0.52011348
0.41176471 0.51448474
0.41301627 0.50879735
0.41426783 0.50305121
0.41551940 0.49724622
0.41677096 0.49138230
0.41802253 0.48545939
0.41927409 0.47947746
0.42052566 0.47343650
0.42177722 0.46733652
0.42302879 0.46117754
0.42428035 0.45495960
0.42553191 0.44868279
0.42678348 0.44234719
0.42803504 0.43595292
0.42928661 0.42950011
0.43053817 0.42298891
0.43178974 0.41641950
0.43304130 0.40979208
0.43429287 0.40310687
0.43554443 0.39636410
0.43679599 0.38956404
0.43804756 0.38270697
0.43929912 0.37579319
0.44055069 0.36882302
0.44180225 0.36179680
0.44305382 0.35471491
0.44430538 0.34757773
0.44555695 0.34038565
0.44680851 0.33313912
0.44806008 0.32583856
0.44931164 0.31848446
0.45056320 0.31107729
0.45181477 0.30361757
0.45306633 0.29610581
0.45431790 0.28854256
0.45556946 0.28092839
0.45682103 0.27326388
0.45807259 0.26554963
0.45932416 0.25778626
0.46057572 0.24997442
0.46182728 0.24211476
0.46307885 0.23420796
0.46433041 0.22625471
0.46558198 0.21825573
0.46683354 0.21021174
0.46808511 0.20212350
0.46933667 0.19399176
0.47058824 0.18581731
0.47183980 0.17760094
0.47309136 0.16934348
0.47434293 0.16104575
0.47559449 0.15270859
0.47684606 0.14433287
0.47809762 0.13591947
0.47934919 0.12746927
0.48060075 0.11898319
0.48185232 0.11046214
0.48310388 0.10190706
0.48435544 0.09331890
0.48560701 0.08469863
0.48685857 0.07604721
0.48811014 0.06736564
0.48936170 0.05865492
0.49061327 0.04991606
0.49186483 0.04115008
0.49311640 0.03235804
0.49436796 0.02354096
0.49561952 0.01469992
0.49687109 0.00583599
0.49812265 -0.00304977
0.49937422 -0.01195625
0.50062578 -0.02088235
0.50187735 -0.02982697
0.50312891 -0.03878899
0.50438048 -0.04776728
0.50563204 -0.05676071
0.50688360 -0.06576813
0.50813517 -0.07478839
0.50938673 -0.08382035
0.51063830 -0.09286282
0.51188986 -0.10191465
0.51314143 -0.11097465
0.51439299 -0.12004165
0.51564456 -0.12911446
0.51689612 -0.13819189
0.51814768 -0.14727273
0.51939925 -0.15635579
0.52065081 -0.16543987
0.52190238 -0.17452376
0.52315394 -0.18360625
0.52440551 -0.19268612
0.52565707 -0.20176216
0.52690864 -0.21083315
0.52816020 -0.21989788
0.52941176 -0.22895512
0.53066333 -0.23800366
0.53191489 -0.24704227
0.53316646 -0.25606974
0.53441802 -0.26508485
0.53566959 -0.27408637
0.53692115 -0.28307309
0.53817272 -0.29204379
0.53942428 -0.30099726
0.54067584 -0.30993229
0.54192741 -0.31884767
0.54317897 -0.32774219
0.54443054 -0.33661465
0.54568210 -0.34546386
0.54693367 -0.35428861
0.54818523 -0.36308772
0.54943680 -0.37186001
0.55068836 -0.38060429
0.55193992 -0.38931940
0.55319149 -0.39800416
0.55444305 -0.40665741
0.55569462 -0.41527801
0.55694618 -0.42386479
0.55819775 -0.43241663
0.55944931 -0.44093239
0.56070088 -0.44941094
0.56195244 -0.45785118
0.56320401 -0.46625199
0.56445557 -0.47461228
0.56570713 -0.48293095
0.56695870 -0.49120694
0.56821026 -0.49943917
0.56946183 -0.50762659
0.57071339 -0.51576814
0.57196496 -0.52386280
0.57321652 -0.53190954
0.57446809 -0.53990733
0.57571965 -0.54785520
0.57697121 -0.55575213
0.57822278 -0.56359717
0.57947434 -0.57138933
0.58072591 -0.57912769
0.58197747 -0.58681128
0.58322904 -0.59443920
0.58448060 -0.60201053
0.58573217 -0.60952438
0.58698373 -0.61697986
0.58823529 -0.62437611
0.58948686 -0.63171227
0.59073842 -0.63898751
0.59198999 -0.64620100
0.59324155 -0.65335194
0.59449312 -0.66043954
0.59574468 -0.66746302
0.59699625 -0.67442163
0.59824781 -0.68131461
0.59949937 -0.68814125
0.60075094 -0.69490083
0.60200250 -0.70159266
0.60325407 -0.70821607
0.60450563 -0.71477039
0.60575720 -0.72125498
0.60700876 -0.72766922
0.60826033 -0.73401251
0.60951189 -0.74028425
0.61076345 -0.74648387
0.61201502 -0.75261082
0.61326658 -0.75866456
0.61451815 -0.76464458
0.61576971 -0.77055037
0.61702128 -0.77638147
0.61827284 -0.78213739
0.61952441 -0.78781770
0.62077597 -0.79342198
0.62202753 -0.79894982
0.62327910 -0.80440083
0.62453066 -0.80977463
0.62578223 -0.81507089
0.62703379 -0.82028926
0.62828536 -0.82542944
0.62953692 -0.83049113
0.63078849 -0.83547405
0.63204005 -0.84037795
0.63329161 -0.84520259
0.63454318 -0.84994775
0.63579474 -0.85461323
0.63704631 -0.85919884
0.63829787 -0.86370443
0.63954944 -0.86812985
0.64080100 -0.87247497
0.64205257 -0.87673968
0.64330413 -0.88092390
0.64455569 -0.88502756
0.64580726 -0.88905059
0.64705882 -0.89299298
0.64831039 -0.89685469
0.64956195 -0.90063574
0.65081352 -0.90433613
0.65206508 -0.90795591
0.65331665 -0.91149513
0.65456821 -0.91495387
0.65581977 -0.91833220
0.65707134 -0.92163024
0.65832290 -0.92484811
0.65957447 -0.92798595
0.66082603 -0.93104391
0.66207760 -0.93402216
0.66332916 -0.93692090
0.66458073 -0.93974033
0.66583229 -0.94248066
0.66708385 -0.94514213
0.66833542 -0.94772500
0.66958698 -0.95022952
0.67083855 -0.95265599
0.67209011 -0.95500468
0.67334168 -0.95727592
0.67459324 -0.95947002
0.67584481 -0.96158732
0.67709637 -0.96362817
0.67834793 -0.96559293
0.67959950 -0.96748198
0.68085106 -0.96929571
0.68210263 -0.97103452
0.68335419 -0.97269882
0.68460576 -0.97428903
0.68585732 -0.97580560
0.68710889 -0.97724896
0.68836045 -0.97861957
0.68961202 -0.97991790
0.69086358 -0.98114443
0.69211514 -0.98229965
0.69336671 -0.98338404
0.69461827 -0.98439812
0.69586984 -0.98534240
0.69712140 -0.98621740
0.69837297 -0.98702364
0.69962453 -0.98776167
0.70087610 -0.98843202
0.70212766 -0.98903525
0.70337922 -0.98957191
0.70463079 -0.99004257
0.70588235 -0.99044778
0.70713392 -0.99078813
0.70838548 -0.99106418
0.70963705 -0.99127652
0.71088861 -0.99142574
0.71214018 -0.99151241
0.71339174 -0.99153712
0.71464330 -0.99150048
0.71589487 -0.99140308
0.71714643 -0.99124550
0.71839800 -0.99102834
0.71964956 -0.99075221
0.72090113 -0.99041770
0.72215269 -0.99002541
0.72340426 -0.98957593
0.72465582 -0.98906986
0.72590738 -0.98850778
0.72715895 -0.98789031
0.72841051 -0.98721801
0.72966208 -0.98649148
0.73091364 -0.98571130
0.73216521 -0.98487805
0.73341677 -0.98399230
0.73466834 -0.98305463
0.73591990 -0.98206559
0.73717146 -0.98102575
0.73842303 -0.97993565
0.73967459 -0.97879585
0.74092616 -0.97760688
0.74217772 -0.97636928
0.74342929 -0.97508357
0.74468085 -0.97375026
0.74593242 -0.97236986
0.74718398 -0.97094288
0.74843554 -0.96946979
0.74968711 -0.96795109
0.75093867 -0.96638723
0.75219024 -0.96477867
0.75344180 -0.96312587
0.75469337 -0.96142925
0.75594493 -0.95968924
0.75719650 -0.95790626
0.75844806 -0.95608069
0.75969962 -0.95421293
0.76095119 -0.95230335
0.76220275 -0.95035231
0.76345432 -0.94836015
0.76470588 -0.94632720
0.76595745 -0.94425378
0.76720901 -0.94214019
0.76846058 -0.93998672
0.76971214 -0.93779364
0.77096370 -0.93556120
0.77221527 -0.93328965
0.77346683 -0.93097919
0.77471840 -0.92863005
0.77596996 -0.92624241
0.77722153 -0.92381644
0.77847309 -0.92135230
0.77972466 -0.91885012
0.78097622 -0.91631004
0.78222778 -0.91373214
0.78347935 -0.91111652
0.78473091 -0.90846325
0.78598248 -0.90577237
0.78723404 -0.90304392
0.78848561 -0.90027791
0.78973717 -0.89747434
0.79098874 -0.89463317
0.79224030 -0.89175439
0.79349186 -0.88883791
0.79474343 -0.88588367
0.79599499 -0.88289158
0.79724656 -0.87986152
0.79849812 -0.87679335
0.79974969 -0.87368694
0.80100125 -0.87054211
0.80225282 -0.86735868
0.80350438 -0.86413645
0.80475594 -0.86087520
0.80600751 -0.85757470
0.80725907 -0.85423469
0.80851064 -0.85085492
0.80976220 -0.84743508
0.81101377 -0.84397490
0.81226533 -0.84047404
0.81351690 -0.83693219
0.81476846 -0.83334899
0.81602003 -0.82972410
0.81727159 -0.82605714
0.81852315 -0.82234773
0.81977472 -0.81859547
0.82102628 -0.81479995
0.82227785 -0.81096076
0.82352941 -0.80707746
0.82478098 -0.80314962
0.82603254 -0.79917679
0.82728411 -0.79515852
0.82853567 -0.79109434
0.82978723 -0.78698378
0.83103880 -0.78282636
0.83229036 -0.77862161
0.83354193 -0.77436905
0.83479349 -0.77006817
0.83604506 -0.76571851
0.83729662 -0.76131956
0.83854819 -0.75687085
0.83979975 -0.75237187
0.84105131 -0.74782216
0.84230288 -0.74322122
0.84355444 -0.73856859
0.84480601 -0.73386381
0.84605757 -0.72910640
0.84730914 -0.72429592
0.84856070 -0.71943193
0.84981227 -0.71451402
0.85106383 -0.70954176
0.85231539 -0.70451477
0.85356696 -0.69943266
0.85481852 -0.69429509
0.85607009 -0.68910171
0.85732165 -0.68385222
0.85857322 -0.67854632
0.85982478 -0.67318376
0.86107635 -0.66776431
0.86232791 -0.66228777
0.86357947 -0.65675397
0.86483104 -0.65116279
0.86608260 -0.64551413
0.86733417 -0.63980795
0.86858573 -0.63404423
0.86983730 -0.62822302
0.87108886 -0.62234439
0.87234043 -0.61640850
0.87359199 -0.61041552
0.87484355 -0.60436571
0.87609512 -0.59825936
0.87734668 -0.59209686
0.87859825 -0.58587861
0.87984981 -0.57960514
0.88110138 -0.57327701
0.88235294 -0.56689485
0.88360451 -0.56045941
0.88485607 -0.55397147
0.88610763 -0.54743193
0.88735920 -0.54084176
0.88861076 -0.53420202
0.88986233 -0.52751389
0.89111389 -0.52077862
0.89236546 -0.51399757
0.89361702 -0.50717221
0.89486859 -0.50030412
0.89612015 -0.49339501
0.89737171 -0.48644667
0.89862328 -0.47946106
0.89987484 -0.47244022
0.90112641 -0.46538637
0.90237797 -0.45830183
0.90362954 -0.45118907
0.90488110 -0.44405072
0.90613267 -0.43688954
0.90738423 -0.42970847
0.90863579 -0.42251059
0.90988736 -0.41529915
0.91113892 -0.40807757
0.91239049 -0.40084947
0.91364205 -0.39361861
0.91489362 -0.38638897
0.91614518 -0.37916471
0.91739675 -0.37195019
0.91864831 -0.36474998
0.91989987 -0.35756886
0.92115144 -0.35041181
0.92240300 -0.34328406
0.92365457 -0.33619105
0.92490613 -0.32913847
0.92615770 -0.32213223
0.92740926 -0.31517851
0.92866083 -0.30828373
0.92991239 -0.30145460
0.93116395 -0.29469807
0.93241552 -0.28802137
0.93366708 -0.28143203
0.93491865 -0.27493787
0.93617021 -0.26854699
0.93742178 -0.26226782
0.93867334 -0.25610908
0.93992491 -0.25007984
0.94117647 -0.24418949
0.94242804 -0.23844774
0.94367960 -0.23286467
0.94493116 -0.22745071
0.94618273 -0.22221665
0.94743429 -0.21717366
0.94868586 -0.21233329
0.94993742 -0.20770747
0.95118899 -0.20330854
0.95244055 -0.19914925
0.95369212 -0.19524276
0.95494368 -0.19160268
0.95619524 -0.18824303
0.95744681 -0.18517831
0.95869837 -0.18242344
0.95994994 -0.17999384
0.96120150 -0.17790539
0.96245307 -0.17617448
0.96370463 -0.17481798
0.96495620 -0.17385329
0.96620776 -0.17329830
0.96745932 -0.17317148
0.96871089 -0.17349181
0.96996245 -0.17427884
0.97121402 -0.17555268
0.97246558 -0.17733403
0.97371715 -0.17964417
0.97496871 -0.18250501
0.97622028 -0.18593905
0.97747184 -0.18996943
0.97872340 -0.19461993
0.97997497 -0.19991499
0.98122653 -0.20587972
0.98247810 -0.21253990
0.98372966 -0.21992203
0.98498123 -0.22805328
0.98623279 -0.23696158
0.98748436 -0.24667559
0.98873592 -0.25722471
0.98998748 -0.26863911
0.99123905 -0.28094974
0.99249061 -0.29418836
0.99374218 -0.30838753
0.99499374 -0.32358062
0.99624531 -0.33980189
0.99749687 -0.35708639
0.99874844 -0.37547011
1.00000000 -0.39498990
