0.00000000 0.66125495
0.00125156 0.67134320
0.00250313 0.68132212
0.00375469 0.69119379
0.00500626 0.70096019
0.00625782 0.71062321
0.00750939 0.72018462
0.00876095 0.72964613
0.01001252 0.73900935
0.01126408 0.74827578
0.01251564 0.75744686
0.01376721 0.76652394
0.01501877 0.77550831
0.01627034 0.78440114
0.01752190 0.79320357
0.01877347 0.80191666
0.02002503 0.81054138
0.02127660 0.81907865
0.02252816 0.82752933
0.02377972 0.83589421
0.02503129 0.84417402
0.02628285 0.85236945
0.02753442 0.86048112
0.02878598 0.86850960
0.03003755 0.87645540
0.03128911 0.88431901
0.03254068 0.89210085
0.03379224 0.89980130
0.03504380 0.90742071
0.03629537 0.91495936
0.03754693 0.92241754
0.03879850 0.92979545
0.04005006 0.93709329
0.04130163 0.94431122
0.04255319 0.95144937
0.04380476 0.95850783
0.04505632 0.96548667
0.04630788 0.97238593
0.04755945 0.97920563
0.04881101 0.98594576
0.05006258 0.99260630
0.05131414 0.99918720
0.05256571 1.00568838
0.05381727 1.01210977
0.05506884 1.01845125
0.05632040 1.02471273
0.05757196 1.03089405
0.05882353 1.03699508
0.06007509 1.04301567
0.06132666 1.04895565
0.06257822 1.05481484
0.06382979 1.06059307
0.06508135 1.06629014
0.06633292 1.07190586
0.06758448 1.07744003
0.06883605 1.08289244
0.07008761 1.08826289
0.07133917 1.09355117
0.07259074 1.09875707
0.07384230 1.10388037
0.07509387 1.10892088
0.07634543 1.11387837
0.07759700 1.11875265
0.07884856 1.12354351
0.08010013 1.12825075
0.08135169 1.13287417
0.08260325 1.13741359
0.08385482 1.14186882
0.08510638 1.14623968
0.08635795 1.15052600
0.08760951 1.15472761
0.08886108 1.15884437
0.09011264 1.16287611
0.09136421 1.16682271
0.09261577 1.17068404
0.09386733 1.17445997
0.09511890 1.17815040
0.09637046 1.18175523
0.09762203 1.18527438
0.09887359 1.18870777
0.10012516 1.19205534
0.10137672 1.19531703
0.10262829 1.19849282
0.10387985 1.20158268
0.10513141 1.20458660
0.10638298 1.20750459
0.10763454 1.21033665
0.10888611 1.21308283
0.11013767 1.21574316
0.11138924 1.21831771
0.11264080 1.22080656
0.11389237 1.22320979
0.11514393 1.22552751
0.11639549 1.22775984
0.11764706 1.22990692
0.11889862 1.23196890
0.12015019 1.23394594
0.12140175 1.23583823
0.12265332 1.23764596
0.12390488 1.23936936
0.12515645 1.24100865
0.12640801 1.24256407
0.12765957 1.24403590
0.12891114 1.24542440
0.13016270 1.24672987
0.13141427 1.24795262
0.13266583 1.24909298
0.13391740 1.25015129
0.13516896 1.25112789
0.13642053 1.25202318
0.13767209 1.25283752
0.13892365 1.25357134
0.14017522 1.25422504
0.14142678 1.25479906
0.14267835 1.25529385
0.14392991 1.25570987
0.14518148 1.25604760
0.14643304 1.25630755
0.14768461 1.25649021
0.14893617 1.25659610
0.15018773 1.25662577
0.15143930 1.25657977
0.15269086 1.25645866
0.15394243 1.25626302
0.15519399 1.25599345
0.15644556 1.25565054
0.15769712 1.25523493
0.15894869 1.25474723
0.16020025 1.25418810
0.16145181 1.25355818
0.16270338 1.25285816
0.16395494 1.25208871
0.16520651 1.25125052
0.16645807 1.25034430
0.16770964 1.24937076
0.16896120 1.24833064
0.17021277 1.24722465
0.17146433 1.24605356
0.17271589 1.24481812
0.17396746 1.24351910
0.17521902 1.24215727
0.17647059 1.24073343
0.17772215 1.23924835
0.17897372 1.23770286
0.18022528 1.23609775
0.18147685 1.23443386
0.18272841 1.23271200
0.18397997 1.23093301
0.18523154 1.22909774
0.18648310 1.22720704
0.18773467 1.22526176
0.18898623 1.22326275
0.19023780 1.22121090
0.19148936 1.21910707
0.19274093 1.21695215
0.19399249 1.21474701
0.19524406 1.21249254
0.19649562 1.21018964
0.19774718 1.20783921
0.19899875 1.20544214
0.20025031 1.20299934
0.20150188 1.20051171
0.20275344 1.19798017
0.20400501 1.19540562
0.20525657 1.19278898
0.20650814 1.19013117
0.20775970 1.18743310
0.20901126 1.18469569
0.21026283 1.18191985
0.21151439 1.17910652
0.21276596 1.17625661
0.21401752 1.17337103
0.21526909 1.17045071
0.21652065 1.16749657
0.21777222 1.16450951
0.21902378 1.16149046
0.22027534 1.15844034
0.22152691 1.15536004
0.22277847 1.15225049
0.22403004 1.14911258
0.22528160 1.14594723
0.22653317 1.14275532
0.22778473 1.13953777
0.22903630 1.13629545
0.23028786 1.13302927
0.23153942 1.12974010
0.23279099 1.12642883
0.23404255 1.12309632
0.23529412 1.11974345
0.23654568 1.11637108
0.23779725 1.11298007
0.23904881 1.10957127
0.24030038 1.10614552
0.24155194 1.10270367
0.24280350 1.09924654
0.24405507 1.09577496
0.24530663 1.09228975
0.24655820 1.08879171
0.24780976 1.08528164
0.24906133 1.08176035
0.25031289 1.07822860
0.25156446 1.07468718
0.25281602 1.07113686
0.25406758 1.06757838
0.25531915 1.06401251
0.25657071 1.06043997
0.25782228 1.05686150
0.25907384 1.05327781
0.26032541 1.04968961
0.26157697 1.04609760
0.26282854 1.04250246
0.26408010 1.03890488
0.26533166 1.03530551
0.26658323 1.03170501
0.26783479 1.02810402
0.26908636 1.02450317
0.27033792 1.02090308
0.27158949 1.01730435
0.27284105 1.01370758
0.27409262 1.01011336
0.27534418 1.00652224
0.27659574 1.00293479
0.27784731 0.99935155
0.27909887 0.99577304
0.28035044 0.99219980
0.28160200 0.98863232
0.28285357 0.98507109
0.28410513 0.98151659
0.28535670 0.97796928
0.28660826 0.97442962
0.28785982 0.97089804
0.28911139 0.96737495
0.29036295 0.96386078
0.29161452 0.96035591
0.29286608 0.95686072
0.29411765 0.95337558
0.29536921 0.94990084
0.29662078 0.94643684
0.29787234 0.94298389
0.29912390 0.93954230
0.30037547 0.93611237
0.30162703 0.93269437
0.30287860 0.92928857
0.30413016 0.92589521
0.30538173 0.92251453
0.30663329 0.91914674
0.30788486 0.91579205
0.30913642 0.91245065
0.31038798 0.90912270
0.31163955 0.90580837
0.31289111 0.90250779
0.31414268 0.89922110
0.31539424 0.89594841
0.31664581 0.89268982
0.31789737 0.88944540
0.31914894 0.88621523
0.32040050 0.88299935
0.32165207 0.87979781
0.32290363 0.87661063
0.32415519 0.87343781
0.32540676 0.87027935
0.32665832 0.86713523
0.32790989 0.86400540
0.32916145 0.86088981
0.33041302 0.85778840
0.33166458 0.85470109
0.33291615 0.85162778
0.33416771 0.84856836
0.33541927 0.84552270
0.33667084 0.84249066
0.33792240 0.83947210
0.33917397 0.83646684
0.34042553 0.83347469
0.34167710 0.83049548
0.34292866 0.82752897
0.34418023 0.82457495
0.34543179 0.82163319
0.34668335 0.81870343
0.34793492 0.81578540
0.34918648 0.81287882
0.35043805 0.80998342
0.35168961 0.80709887
0.35294118 0.80422487
0.35419274 0.80136108
0.35544431 0.79850716
0.35669587 0.79566276
0.35794743 0.79282750
0.35919900 0.79000101
0.36045056 0.78718289
0.36170213 0.78437275
0.36295369 0.78157015
0.36420526 0.77877469
0.36545682 0.77598591
0.36670839 0.77320337
0.36795995 0.77042660
0.36921151 0.76765514
0.37046308 0.76488850
0.37171464 0.76212619
0.37296621 0.75936771
0.37421777 0.75661253
0.37546934 0.75386015
0.37672090 0.75111002
0.37797247 0.74836160
0.37922403 0.74561434
0.38047559 0.74286769
0.38172716 0.74012106
0.38297872 0.73737389
0.38423029 0.73462558
0.38548185 0.73187555
0.38673342 0.72912318
0.38798498 0.72636787
0.38923655 0.72360900
0.39048811 0.72084595
0.39173967 0.71807808
0.39299124 0.71530475
0.39424280 0.71252532
0.39549437 0.70973914
0.39674593 0.70694555
0.39799750 0.70414389
0.39924906 0.70133349
0.40050063 0.69851367
0.40175219 0.69568376
0.40300375 0.69284306
0.40425532 0.68999091
0.40550688 0.68712659
0.40675845 0.68424942
0.40801001 0.68135869
0.40926158 0.67845370
0.41051314 0.67553375
0.41176471 0.67259813
0.41301627 0.66964611
0.41426783 0.66667700
0.41551940 0.66369007
0.41677096 0.66068461
0.41802253 0.65765989
0.41927409 0.65461520
0.42052566 0.65154981
0.42177722 0.64846300
0.42302879 0.64535405
0.42428035 0.64222224
0.42553191 0.63906683
0.42678348 0.63588712
0.42803504 0.63268238
0.42928661 0.62945188
0.43053817 0.62619492
0.43178974 0.62291076
0.43304130 0.61959871
0.43429287 0.61625803
0.43554443 0.61288803
0.43679599 0.60948800
0.43804756 0.60605722
0.43929912 0.60259500
0.44055069 0.59910065
0.44180225 0.59557345
0.44305382 0.59201273
0.44430538 0.58841780
0.44555695 0.58478798
0.44680851 0.58112260
0.44806008 0.57742097
0.44931164 0.57368245
0.45056320 0.56990636
0.45181477 0.56609206
0.45306633 0.56223889
0.45431790 0.55834623
0.45556946 0.55441343
0.45682103 0.55043988
0.45807259 0.54642494
0.45932416 0.54236803
0.46057572 0.53826852
0.46182728 0.53412583
0.46307885 0.52993937
0.46433041 0.52570857
0.46558198 0.52143286
0.46683354 0.51711168
0.46808511 0.51274448
0.46933667 0.50833074
0.47058824 0.50386991
0.47183980 0.49936148
0.47309136 0.49480495
0.47434293 0.49019981
0.47559449 0.48554560
0.47684606 0.48084182
0.47809762 0.47608803
0.47934919 0.47128377
0.48060075 0.46642861
0.48185232 0.46152211
0.48310388 0.45656388
0.48435544 0.45155351
0.48560701 0.44649062
0.48685857 0.44137482
0.48811014 0.43620578
0.48936170 0.43098313
0.49061327 0.42570655
0.49186483 0.42037573
0.49311640 0.41499036
0.49436796 0.40955015
0.49561952 0.40405484
0.49687109 0.39850415
0.49812265 0.39289786
0.49937422 0.38723574
0.50062578 0.38151758
0.50187735 0.37574317
0.50312891 0.36991235
0.50438048 0.36402494
0.50563204 0.35808081
0.50688360 0.35207983
0.50813517 0.34602187
0.50938673 0.33990685
0.51063830 0.33373469
0.51188986 0.32750533
0.51314143 0.32121871
0.51439299 0.31487483
0.51564456 0.30847366
0.51689612 0.30201521
0.51814768 0.29549952
0.51939925 0.28892663
0.52065081 0.28229661
0.52190238 0.27560953
0.52315394 0.26886549
0.52440551 0.26206462
0.52565707 0.25520706
0.52690864 0.24829295
0.52816020 0.24132248
0.52941176 0.23429584
0.53066333 0.22721325
0.53191489 0.22007493
0.53316646 0.21288114
0.53441802 0.20563216
0.53566959 0.19832827
0.53692115 0.19096978
0.53817272 0.18355703
0.53942428 0.17609036
0.54067584 0.16857015
0.54192741 0.16099679
0.54317897 0.15337067
0.54443054 0.14569224
0.54568210 0.13796194
0.54693367 0.13018025
0.54818523 0.12234764
0.54943680 0.11446463
0.55068836 0.10653174
0.55193992 0.09854953
0.55319149 0.09051856
0.55444305 0.08243943
0.55569462 0.07431273
0.55694618 0.06613910
0.55819775 0.05791919
0.55944931 0.04965366
0.56070088 0.04134320
0.56195244 0.03298852
0.56320401 0.02459034
0.56445557 0.01614941
0.56570713 0.00766650
0.56695870 -0.00085761
0.56821026 -0.00942212
0.56946183 -0.01802619
0.57071339 -0.02666899
0.57196496 -0.03534965
0.57321652 -0.04406729
0.57446809 -0.05282101
0.57571965 -0.06160989
0.57697121 -0.07043300
0.57822278 -0.07928937
0.57947434 -0.08817803
0.58072591 -0.09709798
0.58197747 -0.10604822
0.58322904 -0.11502771
0.58448060 -0.12403541
0.58573217 -0.13307025
0.58698373 -0.14213115
0.58823529 -0.15121700
0.58948686 -0.16032669
0.59073842 -0.16945908
0.59198999 -0.17861302
0.59324155 -0.18778734
0.59449312 -0.19698086
0.59574468 -0.20619237
0.59699625 -0.21542065
0.59824781 -0.22466448
0.59949937 -0.23392260
0.60075094 -0.24319375
0.60200250 -0.25247665
0.60325407 -0.26177000
0.60450563 -0.27107250
0.60575720 -0.28038282
0.60700876 -0.28969961
0.60826033 -0.29902154
0.60951189 -0.30834724
0.61076345 -0.31767531
0.61201502 -0.32700438
0.61326658 -0.33633304
0.61451815 -0.34565987
0.61576971 -0.35498344
0.61702128 -0.36430231
0.61827284 -0.37361503
0.61952441 -0.38292012
0.62077597 -0.39221613
0.62202753 -0.40150156
0.62327910 -0.41077491
0.62453066 -0.42003468
0.62578223 -0.42927935
0.62703379 -0.43850741
0.62828536 -0.44771731
0.62953692 -0.45690751
0.63078849 -0.46607647
0.63204005 -0.47522262
0.63329161 -0.48434440
0.63454318 -0.49344024
0.63579474 -0.50250856
0.63704631 -0.51154777
0.63829787 -0.52055628
0.63954944 -0.52953250
0.64080100 -0.53847483
0.64205257 -0.54738166
0.64330413 -0.55625137
0.64455569 -0.56508236
0.64580726 -0.57387302
0.64705882 -0.58262171
0.64831039 -0.59132682
0.64956195 -0.59998672
0.65081352 -0.60859979
0.65206508 -0.61716440
0.65331665 -0.62567892
0.65456821 -0.63414173
0.65581977 -0.64255120
0.65707134 -0.65090570
0.65832290 -0.65920361
0.65957447 -0.66744330
0.66082603 -0.67562316
0.66207760 -0.68374156
0.66332916 -0.69179689
0.66458073 -0.69978754
0.66583229 -0.70771190
0.66708385 -0.71556836
0.66833542 -0.72335534
0.66958698 -0.73107123
0.67083855 -0.73871446
0.67209011 -0.74628345
0.67334168 -0.75377661
0.67459324 -0.76119239
0.67584481 -0.76852924
0.67709637 -0.77578560
0.67834793 -0.78295994
0.67959950 -0.79005073
0.68085106 -0.79705646
0.68210263 -0.80397561
0.68335419 -0.81080669
0.68460576 -0.81754822
0.68585732 -0.82419873
0.68710889 -0.83075676
0.68836045 -0.83722087
0.68961202 -0.84358962
0.69086358 -0.84986160
0.69211514 -0.85603541
0.69336671 -0.86210967
0.69461827 -0.86808301
0.69586984 -0.87395408
0.69712140 -0.87972153
0.69837297 -0.88538407
0.69962453 -0.89094038
0.70087610 -0.89638920
0.70212766 -0.90172926
0.70337922 -0.90695932
0.70463079 -0.91207817
0.70588235 -0.91708460
0.70713392 -0.92197745
0.70838548 -0.92675555
0.70963705 -0.93141779
0.71088861 -0.93596304
0.71214018 -0.94039024
0.71339174 -0.94469831
0.71464330 -0.94888624
0.71589487 -0.95295300
0.71714643 -0.95689761
0.71839800 -0.96071913
0.71964956 -0.96441662
0.72090113 -0.96798917
0.72215269 -0.97143593
0.72340426 -0.97475604
0.72465582 -0.97794868
0.72590738 -0.98101308
0.72715895 -0.98394847
0.72841051 -0.98675414
0.72966208 -0.98942938
0.73091364 -0.99197354
0.73216521 -0.99438598
0.73341677 -0.99666611
0.73466834 -0.99881337
0.73591990 -1.00082722
0.73717146 -1.00270716
0.73842303 -1.00445273
0.73967459 -1.00606352
0.74092616 -1.00753911
0.74217772 -1.00887916
0.74342929 -1.01008335
0.74468085 -1.01115139
0.74593242 -1.01208304
0.74718398 -1.01287809
0.74843554 -1.01353637
0.74968711 -1.01405774
0.75093867 -1.01444211
0.75219024 -1.01468943
0.75344180 -1.01479968
0.75469337 -1.01477288
0.75594493 -1.01460910
0.75719650 -1.01430844
0.75844806 -1.01387106
0.75969962 -1.01329713
0.76095119 -1.01258689
0.76220275 -1.01174061
0.76345432 -1.01075859
0.76470588 -1.00964120
0.76595745 -1.00838883
0.76720901 -1.00700191
0.76846058 -1.00548095
0.76971214 -1.00382645
0.77096370 -1.00203899
0.77221527 -1.00011919
0.77346683 -0.99806771
0.77471840 -0.99588524
0.77596996 -0.99357253
0.77722153 -0.99113038
0.77847309 -0.98855961
0.77972466 -0.98586112
0.78097622 -0.98303582
0.78222778 -0.98008469
0.78347935 -0.97700875
0.78473091 -0.97380904
0.78598248 -0.97048669
0.78723404 -0.96704283
0.78848561 -0.96347867
0.78973717 -0.95979545
0.79098874 -0.95599445
0.79224030 -0.95207701
0.79349186 -0.94804450
0.79474343 -0.94389835
0.79599499 -0.93964002
0.79724656 -0.93527102
0.79849812 -0.93079291
0.79974969 -0.92620730
0.80100125 -0.92151582
0.80225282 -0.91672016
0.80350438 -0.91182206
0.80475594 -0.90682330
0.80600751 -0.90172570
0.80725907 -0.89653111
0.80851064 -0.89124145
0.80976220 -0.88585867
0.81101377 -0.88038475
0.81226533 -0.87482172
0.81351690 -0.86917168
0.81476846 -0.86343671
0.81602003 -0.85761899
0.81727159 -0.85172071
0.81852315 -0.84574411
0.81977472 -0.83969145
0.82102628 -0.83356505
0.82227785 -0.82736725
0.82352941 -0.82110046
0.82478098 -0.81476709
0.82603254 -0.80836960
0.82728411 -0.80191049
0.82853567 -0.79539228
0.82978723 -0.78881754
0.83103880 -0.78218887
0.83229036 -0.77550889
0.83354193 -0.76878026
0.83479349 -0.76200568
0.83604506 -0.75518786
0.83729662 -0.74832955
0.83854819 -0.74143352
0.83979975 -0.73450259
0.84105131 -0.72753957
0.84230288 -0.72054732
0.84355444 -0.71352871
0.84480601 -0.70648664
0.84605757 -0.69942402
0.84730914 -0.69234381
0.84856070 -0.68524894
0.84981227 -0.67814240
0.85106383 -0.67102718
0.85231539 -0.66390627
0.85356696 -0.65678270
0.85481852 -0.64965949
0.85607009 -0.64253969
0.85732165 -0.63542633
0.85857322 -0.62832247
0.85982478 -0.62123118
0.86107635 -0.61415551
0.86232791 -0.60709852
0.86357947 -0.60006329
0.86483104 -0.59305288
0.86608260 -0.58607035
0.86733417 -0.57911874
0.86858573 -0.57220111
0.86983730 -0.56532050
0.87108886 -0.55847994
0.87234043 -0.55168243
0.87359199 -0.54493097
0.87484355 -0.53822856
0.87609512 -0.53157814
0.87734668 -0.52498266
0.87859825 -0.51844503
0.87984981 -0.51196814
0.88110138 -0.50555484
0.88235294 -0.49920798
0.88360451 -0.49293033
0.88485607 -0.48672466
0.88610763 -0.48059368
0.88735920 -0.47454007
0.88861076 -0.46856646
0.88986233 -0.46267543
0.89111389 -0.45686952
0.89236546 -0.45115121
0.89361702 -0.44552291
0.89486859 -0.43998701
0.89612015 -0.43454578
0.89737171 -0.42920149
0.89862328 -0.42395628
0.89987484 -0.41881226
0.90112641 -0.41377146
0.90237797 -0.40883581
0.90362954 -0.40400717
0.90488110 -0.39928733
0.90613267 -0.39467796
0.90738423 -0.39018067
0.90863579 -0.38579694
0.90988736 -0.38152818
0.91113892 -0.37737569
0.91239049 -0.37334064
0.91364205 -0.36942412
0.91489362 -0.36562707
0.91614518 -0.36195034
0.91739675 -0.35839465
0.91864831 -0.35496058
0.91989987 -0.35164858
0.92115144 -0.34845898
0.92240300 -0.34539194
0.92365457 -0.34244749
0.92490613 -0.33962552
0.92615770 -0.33692575
0.92740926 -0.33434774
0.92866083 -0.33189089
0.92991239 -0.32955442
0.93116395 -0.32733741
0.93241552 -0.32523871
0.93366708 -0.32325701
0.93491865 -0.32139083
0.93617021 -0.31963845
0.93742178 -0.31799799
0.93867334 -0.31646734
0.93992491 -0.31504418
0.94117647 -0.31372599
0.94242804 -0.31251000
0.94367960 -0.31139323
0.94493116 -0.31037247
0.94618273 -0.30944424
0.94743429 -0.30860485
0.94868586 -0.30785033
0.94993742 -0.30717645
0.95118899 -0.30657874
0.95244055 -0.30605244
0.95369212 -0.30559250
0.95494368 -0.30519361
0.95619524 -0.30485014
0.95744681 -0.30455620
0.95869837 -0.30430555
0.95994994 -0.30409166
0.96120150 -0.30390769
0.96245307 -0.30374645
0.96370463 -0.30360043
0.96495620 -0.30346177
0.96620776 -0.30332227
0.96745932 -0.30317337
0.96871089 -0.30300614
0.96996245 -0.30281129
0.97121402 -0.30257913
0.97246558 -0.30229959
0.97371715 -0.30196222
0.97496871 -0.30155614
0.97622028 -0.30107008
0.97747184 -0.30049233
0.97872340 -0.29981076
0.97997497 -0.29901279
0.98122653 -0.29808542
0.98247810 -0.29701516
0.98372966 -0.29578807
0.98498123 -0.29438974
0.98623279 -0.29280527
0.98748436 -0.29101927
0.98873592 -0.28901584
0.98998748 -0.28677858
0.99123905 -0.28429056
0.99249061 -0.28153432
0.99374218 -0.27849185
0.99499374 -0.27514462
0.99624531 -0.27147349
0.99749687 -0.26745879
0.99874844 -0.26308024
1.00000000 -0.25831698
