0.00000000 0.30623405
0.00200401 -0.09048995
0.00400802 0.17886891
0.00601202 -0.16432066
0.00801603 -0.17590892
0.01002004 0.09821225
0.01202405 0.81729916
0.01402806 0.46032490
0.01603206 -0.22429131
0.01803607 0.22209028
0.02004008 0.04572650
0.02204409 0.34627580
0.02404810 -0.14493522
0.02605210 0.71212540
0.02805611 -0.21347230
0.03006012 0.67018664
0.03206413 0.74402908
0.03406814 0.36634796
0.03607214 0.59955693
0.03807615 0.05319176
0.04008016 0.13087615
0.04208417 0.48352168
0.04408818 -0.00065198
0.04609218 0.55846753
0.04809619 -0.07964109
0.05010020 0.30955814
0.05210421 0.42198252
0.05410822 0.67273548
0.05611222 0.47124161
0.05811623 0.29702583
0.06012024 0.27016331
0.06212425 0.02718009
0.06412826 0.40484375
0.06613226 0.71155567
0.06813627 0.56226445
0.07014028 0.60675455
0.07214429 0.21418130
0.07414830 0.41890831
0.07615230 0.19933519
0.07815631 0.65450786
0.08016032 0.65106593
0.08216433 1.10506267
0.08416834 0.36976643
0.08617234 0.55655237
0.08817635 0.64982939
0.09018036 0.53124649
0.09218437 0.61135564
0.09418838 0.99363450
0.09619238 0.21953442
0.09819639 0.56368118
0.10020040 0.66670217
0.10220441 0.26346848
0.10420842 0.01193076
0.10621242 1.06166415
0.10821643 1.02669781
0.11022044 0.17878249
0.11222445 1.06202973
0.11422846 0.48705651
0.11623246 0.64600710
0.11823647 0.52843376
0.12024048 1.01561114
0.12224449 0.93170855
0.12424850 0.90132593
0.12625251 0.86831414
0.12825651 0.80263862
0.13026052 0.79589454
0.13226453 0.80568142
0.13426854 0.83319313
0.13627255 0.37276176
0.13827655 1.11382348
0.14028056 0.93203462
0.14228457 0.96594509
0.14428858 0.76398652
0.14629259 0.53741639
0.14829659 1.02347120
0.15030060 0.53159457
0.15230461 0.88742700
0.15430862 0.73425985
0.15631263 0.96922984
0.15831663 0.77255017
0.16032064 1.07103624
0.16232465 1.58857762
0.16432866 0.74977912
0.16633267 1.32577233
0.16833667 0.57607552
0.17034068 0.50022385
0.17234469 0.52691955
0.17434870 0.31704967
0.17635271 0.32679636
0.17835671 0.97500718
0.18036072 1.22848173
0.18236473 0.87005543
0.18436874 0.25433265
0.18637275 1.17909937
0.18837675 0.85006769
0.19038076 0.77317222
0.19238477 0.21728002
0.19438878 0.88499996
0.19639279 1.18211194
0.19839679 0.48589408
0.20040080 1.14190308
0.20240481 0.98242435
0.20440882 1.25436723
0.20641283 1.07250417
0.20841683 1.23051878
0.21042084 1.38683035
0.21242485 1.09817565
0.21442886 0.81071056
0.21643287 1.37804961
0.21843687 0.96811280
0.22044088 1.03065967
0.22244489 1.07776511
0.22444890 1.02931685
0.22645291 1.07795497
0.22845691 0.65214788
0.23046092 1.40182960
0.23246493 0.79691532
0.23446894 1.06179485
0.23647295 1.03312191
0.23847695 1.21470737
0.24048096 1.25727069
0.24248497 0.65683568
0.24448898 1.14639522
0.24649299 1.31664628
0.24849699 0.97098463
0.25050100 1.14612115
0.25250501 1.11616574
0.25450902 1.06438979
0.25651303 1.50223390
0.25851703 1.33004016
0.26052104 0.40295463
0.26252505 0.91286886
0.26452906 0.84464332
0.26653307 0.72024986
0.26853707 0.68466855
0.27054108 0.92034475
0.27254509 0.76540145
0.27454910 0.34373801
0.27655311 0.95505763
0.27855711 1.08547967
0.28056112 0.80628211
0.28256513 0.62721249
0.28456914 1.05703088
0.28657315 0.54384108
0.28857715 1.20387360
0.29058116 0.41106502
0.29258517 1.30037879
0.29458918 0.91827733
0.29659319 0.68724972
0.29859719 0.71963328
0.30060120 1.30245266
0.30260521 1.79778588
0.30460922 0.91607771
0.30661323 0.53554864
0.30861723 0.92844259
0.31062124 1.22163795
0.31262525 0.90609359
0.31462926 0.66505128
0.31663327 0.76411527
0.31863727 1.12821502
0.32064128 1.11703526
0.32264529 1.05632391
0.32464930 0.92115312
0.32665331 1.44178304
0.32865731 0.62735389
0.33066132 0.39007989
0.33266533 1.27385642
0.33466934 0.82114994
0.33667335 0.32320234
0.33867735 0.35278679
0.34068136 0.60910025
0.34268537 0.92169235
0.34468938 0.51878812
0.34669339 0.73126799
0.34869739 0.61164783
0.35070140 0.58153087
0.35270541 1.05760562
0.35470942 0.28053064
0.35671343 0.80801339
0.35871743 0.63943926
0.36072144 0.00188122
0.36272545 0.64173156
0.36472946 0.69793525
0.36673347 0.97804549
0.36873747 0.63582739
0.37074148 0.89522525
0.37274549 0.26220241
0.37474950 0.88124360
0.37675351 0.89720474
0.37875752 0.60018954
0.38076152 1.26540071
0.38276553 1.15524505
0.38476954 0.68697597
0.38677355 0.47466819
0.38877756 0.20297429
0.39078156 0.38294676
0.39278557 0.43941212
0.39478958 0.33451922
0.39679359 0.90187513
0.39879760 0.69921227
0.40080160 0.80252506
0.40280561 0.92085551
0.40480962 0.53619102
0.40681363 0.72163864
0.40881764 0.26900264
0.41082164 0.43828922
0.41282565 0.25891689
0.41482966 0.81952882
0.41683367 -0.02892520
0.41883768 0.30658948
0.42084168 -0.02495970
0.42284569 0.67326478
0.42484970 0.18737492
0.42685371 0.35713346
0.42885772 0.25022238
0.43086172 0.27157561
0.43286573 0.00762266
0.43486974 0.31507991
0.43687375 0.41476157
0.43887776 0.78376863
0.44088176 0.53451378
0.44288577 0.45947103
0.44488978 0.18498739
0.44689379 0.31894763
0.44889780 0.50961373
0.45090180 0.78944288
0.45290581 0.34182351
0.45490982 0.11476444
0.45691383 0.11067656
0.45891784 -0.14816350
0.46092184 0.02218587
0.46292585 -0.04706861
0.46492986 -0.12033320
0.46693387 -0.07576174
0.46893788 0.24406881
0.47094188 1.07958314
0.47294589 0.35956804
0.47494990 -0.09683175
0.47695391 0.39876570
0.47895792 -0.25669039
0.48096192 0.12597333
0.48296593 -0.15304411
0.48496994 0.07491264
0.48697395 0.10231616
0.48897796 0.04422715
0.49098196 0.38502499
0.49298597 -0.11242157
0.49498998 0.17350814
0.49699399 0.44929891
0.49899800 -0.06678254
0.50100200 -0.02192630
0.50300601 0.00494412
0.50501002 -0.30727218
0.50701403 0.08279786
0.50901804 0.24291892
0.51102204 0.22624147
0.51302605 -0.14881163
0.51503006 0.10901199
0.51703407 -0.29354131
0.51903808 0.30180712
0.52104208 -0.15746010
0.52304609 -0.04495658
0.52505010 -0.30540176
0.52705411 0.19226203
0.52905812 -0.51191389
0.53106212 -0.34472902
0.53306613 -0.23060780
0.53507014 -0.36305731
0.53707415 -0.17040706
0.53907816 -0.54517383
0.54108216 -0.29415970
0.54308617 -0.26955730
0.54509018 -0.03415833
0.54709419 -0.49447155
0.54909820 0.18460279
0.55110220 -0.37527321
0.55310621 -0.07806651
0.55511022 -0.54961130
0.55711423 -1.14757186
0.55911824 -0.36261985
0.56112224 -0.76142746
0.56312625 -0.27094768
0.56513026 -0.48079321
0.56713427 -0.16193966
0.56913828 -0.23002914
0.57114228 -0.55432889
0.57314629 -0.47206683
0.57515030 -0.52893833
0.57715431 -0.48984226
0.57915832 -0.08249572
0.58116232 -0.58091804
0.58316633 -0.66427636
0.58517034 -0.32072738
0.58717435 -0.41527822
0.58917836 -0.43823296
0.59118236 -0.36170537
0.59318637 -0.23365581
0.59519038 -0.74493102
0.59719439 -0.03441665
0.59919840 -0.80510898
0.60120240 -0.11761609
0.60320641 -0.55818367
0.60521042 -0.69801374
0.60721443 -1.10054804
0.60921844 -0.49807162
0.61122244 -1.00860942
0.61322645 -0.92734866
0.61523046 -0.72265371
0.61723447 -1.20914007
0.61923848 -1.02786124
0.62124248 -0.51007278
0.62324649 -1.04239368
0.62525050 -1.28044696
0.62725451 -0.51535580
0.62925852 -1.31260479
0.63126253 -0.92235120
0.63326653 -0.91736720
0.63527054 -1.03402041
0.63727455 -0.79842288
0.63927856 -0.52240651
0.64128257 0.07421329
0.64328657 -1.15315224
0.64529058 -0.66059275
0.64729459 -1.05019286
0.64929860 -0.77497763
0.65130261 -1.21074248
0.65330661 -0.71767970
0.65531062 -0.74059171
0.65731463 -1.00572252
0.65931864 -0.83872505
0.66132265 -0.75479530
0.66332665 -0.94691846
0.66533066 -1.16857030
0.66733467 -0.45160367
0.66933868 -1.38683108
0.67134269 -1.70929742
0.67334669 -0.80810091
0.67535070 -0.74823122
0.67735471 -1.21657335
0.67935872 -1.00096540
0.68136273 -1.12886974
0.68336673 -0.75679805
0.68537074 -1.41726868
0.68737475 -0.95388860
0.68937876 -1.41840473
0.69138277 -1.14625311
0.69338677 -1.04195843
0.69539078 -0.85815717
0.69739479 -0.70945001
0.69939880 -0.70463491
0.70140281 -0.96852130
0.70340681 -0.92152596
0.70541082 -0.57532395
0.70741483 -1.09540600
0.70941884 -1.41320914
0.71142285 -1.04462308
0.71342685 -1.19796188
0.71543086 -0.69391393
0.71743487 -1.33864718
0.71943888 -0.87031096
0.72144289 -1.39015414
0.72344689 -0.94370963
0.72545090 -1.11772886
0.72745491 -0.91637807
0.72945892 -0.99342226
0.73146293 -0.75394281
0.73346693 -1.23622131
0.73547094 -1.29660060
0.73747495 -1.38171196
0.73947896 -0.93654278
0.74148297 -0.62645796
0.74348697 -0.79580430
0.74549098 -1.15092669
0.74749499 -1.25979962
0.74949900 -0.25608525
0.75150301 -1.31289188
0.75350701 -0.55785634
0.75551102 -0.79720495
0.75751503 -1.11874392
0.75951904 -0.72848834
0.76152305 -1.10225918
0.76352705 -0.88562709
0.76553106 -0.62756713
0.76753507 -1.31209072
0.76953908 -1.03128127
0.77154309 -0.92406537
0.77354709 -1.02013474
0.77555110 -0.64224522
0.77755511 -0.88012420
0.77955912 -0.66355478
0.78156313 -0.99615885
0.78356713 -1.56247604
0.78557114 -0.58640493
0.78757515 -0.90082586
0.78957916 -1.22312337
0.79158317 -0.60769460
0.79358717 -0.31535946
0.79559118 -1.13749841
0.79759519 -1.27570531
0.79959920 -1.13640701
0.80160321 -0.75167445
0.80360721 -0.83826528
0.80561122 -0.94155733
0.80761523 -0.56193974
0.80961924 -1.18395023
0.81162325 -1.21576591
0.81362725 -1.04801674
0.81563126 -1.36365708
0.81763527 -0.60861800
0.81963928 -0.82930205
0.82164329 -0.79388181
0.82364729 -0.62554516
0.82565130 -1.05980369
0.82765531 -0.97306451
0.82965932 -0.67771363
0.83166333 -1.28905508
0.83366733 -0.34156861
0.83567134 -1.36510812
0.83767535 -0.88427014
0.83967936 -1.18305103
0.84168337 -0.73814749
0.84368737 -1.30550785
0.84569138 -0.28010680
0.84769539 -1.00699319
0.84969940 -1.33596205
0.85170341 -1.18715339
0.85370741 -0.49126525
0.85571142 -0.97478817
0.85771543 -0.80135070
0.85971944 -0.67347902
0.86172345 -0.57628605
0.86372745 -1.14215840
0.86573146 -0.67414741
0.86773547 -0.59199290
0.86973948 -0.74001113
0.87174349 -0.14358525
0.87374749 -0.77197787
0.87575150 -1.18343721
0.87775551 -0.39111069
0.87975952 -0.94238120
0.88176353 -0.86912951
0.88376754 -1.07288745
0.88577154 -0.86596799
0.88777555 -0.47795473
0.88977956 -0.80914433
0.89178357 -0.68225229
0.89378758 -0.87069003
0.89579158 -0.90403371
0.89779559 -0.08220698
0.89979960 -0.12493471
0.90180361 -0.66292598
0.90380762 -0.58681020
0.90581162 -0.16967085
0.90781563 -0.64575533
0.90981964 -0.36347791
0.91182365 -0.58706205
0.91382766 -0.69254879
0.91583166 -0.85915824
0.91783567 -0.58029747
0.91983968 -0.13513824
0.92184369 -0.55355329
0.92384770 -0.23339647
0.92585170 -0.39283460
0.92785571 -0.16812760
0.92985972 -0.41818601
0.93186373 -0.27134750
0.93386774 -0.13607022
0.93587174 -0.30494351
0.93787575 0.03197901
0.93987976 -0.31659063
0.94188377 -0.44183665
0.94388778 -0.02470095
0.94589178 -0.25151715
0.94789579 -0.50122991
0.94989980 -0.26262515
0.95190381 -0.40929634
0.95390782 -0.45487683
0.95591182 -0.10217697
0.95791583 -0.18200120
0.95991984 0.47381579
0.96192385 -0.08348798
0.96392786 -0.37784513
0.96593186 -0.37377606
0.96793587 -0.74144473
0.96993988 -0.25290263
0.97194389 -0.19298585
0.97394790 -0.19191031
0.97595190 -0.09621050
0.97795591 0.03085749
0.97995992 -0.28958087
0.98196393 -0.23830409
0.98396794 0.06322107
0.98597194 0.01160675
0.98797595 0.73653823
0.98997996 0.04307935
0.99198397 -0.03297290
0.99398798 -0.22732567
0.99599198 0.05212664
0.99799599 -0.45762270
1.00000000 0.00698036
