0.00000000 0.08291949 0.16110739
0.00333333 0.10019426 0.15806183
0.00666667 0.11728659 0.15519135
0.01000000 0.13419451 0.15248838
0.01333333 0.15091605 0.14994557
0.01666667 0.16744926 0.14755585
0.02000000 0.18379218 0.14531232
0.02333333 0.19994286 0.14320837
0.02666667 0.21589935 0.14123756
0.03000000 0.23165971 0.13939368
0.03333333 0.24722200 0.13767076
0.03666667 0.26258430 0.13606298
0.04000000 0.27774467 0.13456476
0.04333333 0.29270120 0.13317071
0.04666667 0.30745198 0.13187562
0.05000000 0.32199510 0.13067447
0.05333333 0.33632866 0.12956242
0.05666667 0.35045078 0.12853480
0.06000000 0.36435958 0.12758713
0.06333333 0.37805318 0.12671508
0.06666667 0.39152974 0.12591448
0.07000000 0.40478739 0.12518135
0.07333333 0.41782431 0.12451182
0.07666667 0.43063866 0.12390221
0.08000000 0.44322863 0.12334895
0.08333333 0.45559242 0.12284865
0.08666667 0.46772824 0.12239803
0.09000000 0.47963431 0.12199396
0.09333333 0.49130889 0.12163342
0.09666667 0.50275021 0.12131355
0.10000000 0.51395656 0.12103160
0.10333333 0.52492622 0.12078492
0.10666667 0.53565749 0.12057100
0.11000000 0.54614869 0.12038743
0.11333333 0.55639817 0.12023193
0.11666667 0.56640429 0.12010229
0.12000000 0.57616542 0.11999645
0.12333333 0.58567997 0.11991241
0.12666667 0.59494634 0.11984828
0.13000000 0.60396300 0.11980227
0.13333333 0.61272839 0.11977268
0.13666667 0.62124102 0.11975789
0.14000000 0.62949938 0.11975637
0.14333333 0.63750203 0.11976667
0.14666667 0.64524751 0.11978742
0.15000000 0.65273443 0.11981733
0.15333333 0.65996139 0.11985518
0.15666667 0.66692704 0.11989983
0.16000000 0.67363005 0.11995018
0.16333333 0.68006912 0.12000524
0.16666667 0.68624300 0.12006405
0.17000000 0.69215043 0.12012573
0.17333333 0.69779023 0.12018945
0.17666667 0.70316121 0.12025443
0.18000000 0.70826224 0.12031998
0.18333333 0.71309221 0.12038541
0.18666667 0.71765007 0.12045013
0.19000000 0.72193478 0.12051356
0.19333333 0.72594535 0.12057519
0.19666667 0.72968082 0.12063456
0.20000000 0.73314029 0.12069122
0.20333333 0.73632287 0.12074479
0.20666667 0.73922773 0.12079493
0.21000000 0.74185408 0.12084131
0.21333333 0.74420117 0.12088367
0.21666667 0.74626830 0.12092176
0.22000000 0.74805481 0.12095538
0.22333333 0.74956009 0.12098434
0.22666667 0.75078357 0.12100849
0.23000000 0.75172473 0.12102773
0.23333333 0.75238311 0.12104194
0.23666667 0.75275828 0.12105107
0.24000000 0.75284988 0.12105506
0.24333333 0.75265759 0.12105390
0.24666667 0.75218115 0.12104758
0.25000000 0.75142036 0.12103613
0.25333333 0.75037505 0.12101959
0.25666667 0.74904514 0.12099800
0.26000000 0.74743057 0.12097145
0.26333333 0.74553139 0.12094002
0.26666667 0.74334765 0.12090382
0.27000000 0.74087950 0.12086297
0.27333333 0.73812715 0.12081760
0.27666667 0.73509084 0.12076786
0.28000000 0.73177092 0.12071389
0.28333333 0.72816777 0.12065588
0.28666667 0.72428184 0.12059398
0.29000000 0.72011367 0.12052839
0.29333333 0.71566385 0.12045931
0.29666667 0.71093303 0.12038693
0.30000000 0.70592195 0.12031146
0.30333333 0.70063141 0.12023311
0.30666667 0.69506228 0.12015212
0.31000000 0.68921551 0.12006869
0.31333333 0.68309213 0.11998307
0.31666667 0.67669323 0.11989548
0.32000000 0.67001998 0.11980617
0.32333333 0.66307364 0.11971537
0.32666667 0.65585554 0.11962334
0.33000000 0.64836708 0.11953030
0.33333333 0.64060975 0.11943652
0.33666667 0.63258513 0.11934225
0.34000000 0.62429486 0.11924772
0.34333333 0.61574069 0.11915319
0.34666667 0.60692444 0.11905892
0.35000000 0.59784801 0.11896514
0.35333333 0.58851340 0.11887212
0.35666667 0.57892269 0.11878009
0.36000000 0.56907804 0.11868930
0.36333333 0.55898172 0.11860001
0.36666667 0.54863606 0.11851245
0.37000000 0.53804352 0.11842685
0.37333333 0.52720663 0.11834347
0.37666667 0.51612799 0.11826253
0.38000000 0.50481035 0.11818427
0.38333333 0.49325649 0.11810890
0.38666667 0.48146934 0.11803667
0.39000000 0.46945189 0.11796777
0.39333333 0.45720724 0.11790243
0.39666667 0.44473859 0.11784086
0.40000000 0.43204924 0.11778325
0.40333333 0.41914257 0.11772982
0.40666667 0.40602208 0.11768073
0.41000000 0.39269136 0.11763620
0.41333333 0.37915411 0.11759638
0.41666667 0.36541412 0.11756145
0.42000000 0.35147529 0.11753157
0.42333333 0.33734160 0.11750691
0.42666667 0.32301718 0.11748760
0.43000000 0.30850621 0.11747379
0.43333333 0.29381301 0.11746560
0.43666667 0.27894198 0.11746315
0.44000000 0.26389765 0.11746656
0.44333333 0.24868464 0.11747592
0.44666667 0.23330766 0.11749133
0.45000000 0.21777154 0.11751286
0.45333333 0.20208123 0.11754058
0.45666667 0.18624176 0.11757454
0.46000000 0.17025828 0.11761479
0.46333333 0.15413603 0.11766136
0.46666667 0.13788037 0.11771428
0.47000000 0.12149676 0.11777353
0.47333333 0.10499077 0.11783912
0.47666667 0.08836807 0.11791103
0.48000000 0.07163442 0.11798921
0.48333333 0.05479571 0.11807363
0.48666667 0.03785793 0.11816421
0.49000000 0.02082715 0.11826087
0.49333333 0.00370957 0.11836352
0.49666667 -0.01348853 0.11847205
0.50000000 -0.03076075 0.11858633
0.50333333 -0.04810059 0.11870623
0.50666667 -0.06550147 0.11883158
0.51000000 -0.08295668 0.11896221
0.51333333 -0.10045944 0.11909794
0.51666667 -0.11800286 0.11923856
0.52000000 -0.13557994 0.11938384
0.52333333 -0.15318361 0.11953357
0.52666667 -0.17080669 0.11968747
0.53000000 -0.18844191 0.11984529
0.53333333 -0.20608190 0.12000674
0.53666667 -0.22371922 0.12017153
0.54000000 -0.24134633 0.12033934
0.54333333 -0.25895559 0.12050986
0.54666667 -0.27653930 0.12068274
0.55000000 -0.29408965 0.12085763
0.55333333 -0.31159877 0.12103418
0.55666667 -0.32905870 0.12121200
0.56000000 -0.34646140 0.12139071
0.56333333 -0.36379876 0.12156992
0.56666667 -0.38106259 0.12174922
0.57000000 -0.39824465 0.12192822
0.57333333 -0.41533660 0.12210648
0.57666667 -0.43233006 0.12228359
0.58000000 -0.44921656 0.12245913
0.58333333 -0.46598761 0.12263267
0.58666667 -0.48263462 0.12280377
0.59000000 -0.49914898 0.12297202
0.59333333 -0.51552200 0.12313700
0.59666667 -0.53174496 0.12329828
0.60000000 -0.54780911 0.12345545
0.60333333 -0.56370562 0.12360811
0.60666667 -0.57942565 0.12375586
0.61000000 -0.59496033 0.12389833
0.61333333 -0.61030074 0.12403515
0.61666667 -0.62543796 0.12416598
0.62000000 -0.64036303 0.12429048
0.62333333 -0.65506698 0.12440835
0.62666667 -0.66954083 0.12451931
0.63000000 -0.68377560 0.12462310
0.63333333 -0.69776228 0.12471950
0.63666667 -0.71149190 0.12480833
0.64000000 -0.72495546 0.12488942
0.64333333 -0.73814401 0.12496265
0.64666667 -0.75104860 0.12502795
0.65000000 -0.76366029 0.12508528
0.65333333 -0.77597021 0.12513466
0.65666667 -0.78796948 0.12517613
0.66000000 -0.79964929 0.12520982
0.66333333 -0.81100087 0.12523589
0.66666667 -0.82201552 0.12525455
0.67000000 -0.83268457 0.12526608
0.67333333 -0.84299946 0.12527082
0.67666667 -0.85295166 0.12526916
0.68000000 -0.86253276 0.12526158
0.68333333 -0.87173443 0.12524860
0.68666667 -0.88054842 0.12523081
0.69000000 -0.88896662 0.12520889
0.69333333 -0.89698100 0.12518356
0.69666667 -0.90458367 0.12515563
0.70000000 -0.91176688 0.12512597
0.70333333 -0.91852299 0.12509552
0.70666667 -0.92484454 0.12506530
0.71000000 -0.93072420 0.12503640
0.71333333 -0.93615483 0.12500996
0.71666667 -0.94112946 0.12498720
0.72000000 -0.94564130 0.12496940
0.72333333 -0.94968376 0.12495792
0.72666667 -0.95325046 0.12495414
0.73000000 -0.95633523 0.12495953
0.73333333 -0.95893213 0.12497559
0.73666667 -0.96103547 0.12500388
0.74000000 -0.96263980 0.12504600
0.74333333 -0.96373993 0.12510356
0.74666667 -0.96433096 0.12517824
0.75000000 -0.96440826 0.12527169
0.75333333 -0.96396750 0.12538562
0.75666667 -0.96300466 0.12552170
0.76000000 -0.96151607 0.12568161
0.76333333 -0.95949835 0.12586703
0.76666667 -0.95694852 0.12607958
0.77000000 -0.95386393 0.12632086
0.77333333 -0.95024232 0.12659240
0.77666667 -0.94608182 0.12689568
0.78000000 -0.94138099 0.12723207
0.78333333 -0.93613877 0.12760288
0.78666667 -0.93035459 0.12800927
0.79000000 -0.92402828 0.12845229
0.79333333 -0.91716018 0.12893285
0.79666667 -0.90975109 0.12945168
0.80000000 -0.90180234 0.13000933
0.80333333 -0.89331576 0.13060617
0.80666667 -0.88429371 0.13124233
0.81000000 -0.87473913 0.13191770
0.81333333 -0.86465551 0.13263194
0.81666667 -0.85404693 0.13338441
0.82000000 -0.84291810 0.13417418
0.82333333 -0.83127435 0.13500003
0.82666667 -0.81912163 0.13586039
0.83000000 -0.80646661 0.13675335
0.83333333 -0.79331660 0.13767664
0.83666667 -0.77967964 0.13862764
0.84000000 -0.76556451 0.13960331
0.84333333 -0.75098070 0.14060023
0.84666667 -0.73593852 0.14161459
0.85000000 -0.72044905 0.14264215
0.85333333 -0.70452418 0.14367827
0.85666667 -0.68817666 0.14471792
0.86000000 -0.67142009 0.14575565
0.86333333 -0.65426896 0.14678563
0.86666667 -0.63673865 0.14780166
0.87000000 -0.61884552 0.14879720
0.87333333 -0.60060686 0.14976537
0.87666667 -0.58204094 0.15069905
0.88000000 -0.56316707 0.15159084
0.88333333 -0.54400557 0.15243320
0.88666667 -0.52457783 0.15321848
0.89000000 -0.50490635 0.15393897
0.89333333 -0.48501474 0.15458703
0.89666667 -0.46492775 0.15515521
0.90000000 -0.44467132 0.15563630
0.90333333 -0.42427259 0.15602353
0.90666667 -0.40375994 0.15631070
0.91000000 -0.38316300 0.15649236
0.91333333 -0.36251271 0.15656399
0.91666667 -0.34184135 0.15652224
0.92000000 -0.32118255 0.15636515
0.92333333 -0.30057131 0.15609245
0.92666667 -0.28004408 0.15570584
0.93000000 -0.25963878 0.15520932
0.93333333 -0.23939478 0.15460955
0.93666667 -0.21935301 0.15391629
0.94000000 -0.19955594 0.15314281
0.94333333 -0.18004767 0.15230637
0.94666667 -0.16087389 0.15142879
0.95000000 -0.14208199 0.15053698
0.95333333 -0.12372105 0.14966363
0.95666667 -0.10584190 0.14884785
0.96000000 -0.08849715 0.14813596
0.96333333 -0.07174124 0.14758228
0.96666667 -0.05563046 0.14725005
0.97000000 -0.04022300 0.14721233
0.97333333 -0.02557901 0.14755313
0.97666667 -0.01176060 0.14836844
0.98000000 0.00116807 0.14976753
0.98333333 0.01314080 0.15187420
0.98666667 0.02408927 0.15482823
0.99000000 0.03394298 0.15878688
0.99333333 0.04262926 0.16392655
0.99666667 0.05007319 0.17044455
1.00000000 0.05619755 0.17856098
