0.00000000 0.30623405
0.00334448 -0.08206872
0.00668896 0.19570409
0.01003344 -0.13908609
0.01337793 -0.14229680
0.01672241 0.14017284
0.02006689 0.86757187
0.02341137 0.51886619
0.02675585 -0.15753223
0.03010033 0.29700923
0.03344482 0.12874023
0.03678930 0.43731210
0.04013378 -0.04595562
0.04347826 0.81896200
0.04682274 -0.09887201
0.05016722 0.79245038
0.05351171 0.87384915
0.05685619 0.50361040
0.06020067 0.74414100
0.06354515 0.20497002
0.06688963 0.28971451
0.07023411 0.64927949
0.07357860 0.17187811
0.07692308 0.73761630
0.08026756 0.10596643
0.08361204 0.50145823
0.08695652 0.62000281
0.09030100 0.87669751
0.09364548 0.68096094
0.09698997 0.51231213
0.10033445 0.49082045
0.10367893 0.25300623
0.10702341 0.63563149
0.11036789 0.94709212
0.11371237 0.80233136
0.11705686 0.85112841
0.12040134 0.46263347
0.12374582 0.67120513
0.12709030 0.45523812
0.13043478 0.91377359
0.13377926 0.91344650
0.13712375 1.37030562
0.14046823 0.63761492
0.14381271 0.82674535
0.14715719 0.92210167
0.15050167 0.80532895
0.15384615 0.88697531
0.15719064 1.27051477
0.16053512 0.49739514
0.16387960 0.84223881
0.16722408 0.94566996
0.17056856 0.54255660
0.17391304 0.29084645
0.17725753 1.34011190
0.18060201 1.30437950
0.18394649 0.45539755
0.18729097 1.33727531
0.19063545 0.76062762
0.19397993 0.91759680
0.19732441 0.79773332
0.20066890 1.28231021
0.20401338 1.19549529
0.20735786 1.16188723
0.21070234 1.12533576
0.21404682 1.05580536
0.21739130 1.04489044
0.22073579 1.05018989
0.22408027 1.07289715
0.22742475 0.60734404
0.23076923 1.34296665
0.23411371 1.15542138
0.23745819 1.18325841
0.24080268 0.97490980
0.24414716 0.74163363
0.24749164 1.22066719
0.25083612 0.72145505
0.25418060 1.06963885
0.25752508 0.90851125
0.26086957 1.13521045
0.26421405 0.92995131
0.26755853 1.21955106
0.27090301 1.72790127
0.27424749 0.87960891
0.27759197 1.44580794
0.28093645 0.68601913
0.28428094 0.59978033
0.28762542 0.61579662
0.29096990 0.39495810
0.29431438 0.39345009
0.29765886 1.03012352
0.30100334 1.27178151
0.30434783 0.90126316
0.30769231 0.27317671
0.31103679 1.18531213
0.31438127 0.84338569
0.31772575 0.75333635
0.32107023 0.18403563
0.32441472 0.83809705
0.32775920 1.12130529
0.33110368 0.41094342
0.33444816 1.05257324
0.33779264 0.87848537
0.34113712 1.13559454
0.34448161 0.93867872
0.34782609 1.08142719
0.35117057 1.22226503
0.35451505 0.91793496
0.35785953 0.61459890
0.36120401 1.16587759
0.36454849 0.73969736
0.36789298 0.78582419
0.37123746 0.81633954
0.37458194 0.75113784
0.37792642 0.78286597
0.38127090 0.33999925
0.38461538 1.07247875
0.38795987 0.45022677
0.39130435 0.69764038
0.39464883 0.65138065
0.39799331 0.81526588
0.40133779 0.84002307
0.40468227 0.22168364
0.40802676 0.69324821
0.41137124 0.84542154
0.41471572 0.48160727
0.41806020 0.63852426
0.42140468 0.59029043
0.42474916 0.52018530
0.42809365 0.93965760
0.43143813 0.74905768
0.43478261 -0.19646010
0.43812709 0.29500416
0.44147157 0.20831933
0.44481605 0.06546570
0.44816054 0.01143187
0.45150502 0.22867172
0.45484950 0.05531682
0.45819398 -0.38472487
0.46153846 0.20825851
0.46488294 0.32039498
0.46822742 0.02297121
0.47157191 -0.17425656
0.47491639 0.23748047
0.47826087 -0.29370519
0.48160535 0.34842573
0.48494983 -0.46218146
0.48829431 0.40944542
0.49163880 0.00977752
0.49498328 -0.23868734
0.49832776 -0.22360316
0.50167224 0.34206342
0.50501672 0.82039908
0.50836120 -0.07814277
0.51170569 -0.47533304
0.51505017 -0.09891922
0.51839465 0.17798563
0.52173913 -0.15365114
0.52508361 -0.41057931
0.52842809 -0.32718622
0.53177258 0.02146594
0.53511706 -0.00492982
0.53846154 -0.08061734
0.54180602 -0.23051631
0.54515050 0.27564151
0.54849498 -0.55299564
0.55183946 -0.80420558
0.55518395 0.06591492
0.55852843 -0.40015990
0.56187291 -0.91118045
0.56521739 -0.89436597
0.56856187 -0.65051198
0.57190635 -0.35006148
0.57525084 -0.76478210
0.57859532 -0.56378623
0.58193980 -0.69455091
0.58528428 -0.73546594
0.58862876 -0.26983593
0.59197324 -1.05699562
0.59531773 -0.53923092
0.59866221 -0.71714994
0.60200669 -1.36367337
0.60535117 -0.73240268
0.60869565 -0.68438682
0.61204013 -0.41206663
0.61538462 -0.76167119
0.61872910 -0.50925055
0.62207358 -1.14883584
0.62541806 -0.53593698
0.62876254 -0.52569283
0.63210702 -0.82799461
0.63545151 -0.16763472
0.63879599 -0.28220164
0.64214047 -0.75443738
0.64548495 -0.97026279
0.64882943 -1.24502108
0.65217391 -1.06765569
0.65551839 -1.01333619
0.65886288 -1.11991003
0.66220736 -0.55376658
0.66555184 -0.75717008
0.66889632 -0.65412290
0.67224080 -0.53558006
0.67558528 -0.91955133
0.67892977 -0.73292704
0.68227425 -1.18390048
0.68561873 -1.01246322
0.68896321 -1.18919466
0.69230769 -0.62544978
0.69565217 -1.47027713
0.69899666 -1.13064057
0.70234114 -1.45757139
0.70568562 -0.75423099
0.70903010 -1.23450647
0.71237458 -1.05863442
0.71571906 -1.15893237
0.71906355 -1.13046611
0.72240803 -1.38680605
0.72575251 -1.07123593
0.72909699 -0.96294185
0.73244147 -0.58482336
0.73578595 -0.82446848
0.73913043 -0.88940415
0.74247492 -1.15328448
0.74581940 -1.00822604
0.74916388 -0.80596840
0.75250836 -0.51405612
0.75585284 -0.94910269
0.75919732 -1.16310145
0.76254181 -1.15364388
0.76588629 -1.39845588
0.76923077 -1.21359860
0.77257525 -1.26786829
0.77591973 -1.32567435
0.77926421 -1.26517398
0.78260870 -0.92894768
0.78595318 -0.07657453
0.78929766 -0.77927166
0.79264214 -1.21789849
0.79598662 -0.70407741
0.79933110 -1.34086372
0.80267559 -0.93908879
0.80602007 -1.19855850
0.80936455 -0.95062257
0.81270903 -0.90281372
0.81605351 -0.94007670
0.81939799 -0.57803778
0.82274247 -1.05383403
0.82608696 -0.74585076
0.82943144 -0.44760939
0.83277592 -0.94084953
0.83612040 -0.87276780
0.83946488 -0.82229440
0.84280936 -1.11053709
0.84615385 -0.69612983
0.84949833 -0.51131513
0.85284281 -0.50294987
0.85618729 -0.85261867
0.85953177 -0.56907685
0.86287625 -0.94558582
0.86622074 -0.32387491
0.86956522 -0.75646958
0.87290970 -0.61699170
0.87625418 -0.85016910
0.87959866 -0.32495259
0.88294314 -1.00129954
0.88628763 -0.80601821
0.88963211 -0.66354195
0.89297659 -0.76738686
0.89632107 -0.54589161
0.89966555 -0.89158225
0.90301003 -0.61127022
0.90635452 -0.55715765
0.90969900 -0.29204582
0.91304348 -0.72245319
0.91638796 -0.01328981
0.91973244 -0.54290345
0.92307692 -0.21527104
0.92642140 -0.65623683
0.92976589 -1.22347527
0.93311037 -0.40766821
0.93645485 -0.77549815
0.93979933 -0.25392844
0.94314381 -0.43258222
0.94648829 -0.08244560
0.94983278 -0.11917124
0.95317726 -0.41203697
0.95652174 -0.29828138
0.95986622 -0.32361054
0.96321070 -0.25293408
0.96655518 0.18602013
0.96989967 -0.28077804
0.97324415 -0.33250660
0.97658863 0.04266691
0.97993311 -0.02027555
0.98327759 -0.01164893
0.98662207 0.09642206
0.98996656 0.25596615
0.99331104 -0.22387432
0.99665552 0.51800408
1.00000000 -0.22140588
