0.00000000 -0.00487938
0.00125156 0.00595005
0.00250313 0.01669557
0.00375469 0.02735717
0.00500626 0.03793485
0.00625782 0.04842863
0.00750939 0.05883849
0.00876095 0.06916443
0.01001252 0.07940646
0.01126408 0.08956457
0.01251564 0.09963877
0.01376721 0.10962906
0.01501877 0.11953543
0.01627034 0.12935789
0.01752190 0.13909643
0.01877347 0.14875106
0.02002503 0.15832177
0.02127660 0.16780857
0.02252816 0.17721146
0.02377972 0.18653043
0.02503129 0.19576549
0.02628285 0.20491663
0.02753442 0.21398385
0.02878598 0.22296717
0.03003755 0.23186657
0.03128911 0.24068205
0.03254068 0.24941362
0.03379224 0.25806127
0.03504380 0.26662501
0.03629537 0.27510484
0.03754693 0.28350075
0.03879850 0.29181275
0.04005006 0.30004083
0.04130163 0.30818500
0.04255319 0.31624525
0.04380476 0.32422159
0.04505632 0.33211402
0.04630788 0.33992253
0.04755945 0.34764712
0.04881101 0.35528781
0.05006258 0.36284457
0.05131414 0.37031743
0.05256571 0.37770636
0.05381727 0.38501139
0.05506884 0.39223250
0.05632040 0.39936969
0.05757196 0.40642297
0.05882353 0.41339234
0.06007509 0.42027779
0.06132666 0.42707933
0.06257822 0.43379695
0.06382979 0.44043066
0.06508135 0.44698045
0.06633292 0.45344633
0.06758448 0.45982830
0.06883605 0.46612635
0.07008761 0.47234048
0.07133917 0.47847070
0.07259074 0.48451701
0.07384230 0.49047940
0.07509387 0.49635788
0.07634543 0.50215245
0.07759700 0.50786310
0.07884856 0.51348983
0.08010013 0.51903265
0.08135169 0.52449156
0.08260325 0.52986655
0.08385482 0.53515763
0.08510638 0.54036479
0.08635795 0.54548804
0.08760951 0.55052737
0.08886108 0.55548279
0.09011264 0.56035430
0.09136421 0.56514189
0.09261577 0.56984556
0.09386733 0.57446532
0.09511890 0.57900117
0.09637046 0.58345310
0.09762203 0.58782112
0.09887359 0.59210522
0.10012516 0.59630541
0.10137672 0.60042169
0.10262829 0.60445405
0.10387985 0.60840250
0.10513141 0.61226703
0.10638298 0.61604764
0.10763454 0.61974435
0.10888611 0.62335714
0.11013767 0.62688601
0.11138924 0.63033097
0.11264080 0.63369201
0.11389237 0.63696914
0.11514393 0.64016236
0.11639549 0.64327166
0.11764706 0.64629705
0.11889862 0.64923852
0.12015019 0.65209608
0.12140175 0.65486972
0.12265332 0.65755945
0.12390488 0.66016527
0.12515645 0.66268717
0.12640801 0.66512515
0.12765957 0.66747922
0.12891114 0.66974938
0.13016270 0.67193562
0.13141427 0.67403795
0.13266583 0.67605637
0.13391740 0.67799087
0.13516896 0.67984145
0.13642053 0.68160812
0.13767209 0.68329088
0.13892365 0.68488972
0.14017522 0.68640465
0.14142678 0.68783566
0.14267835 0.68918276
0.14392991 0.69044594
0.14518148 0.69162521
0.14643304 0.69272056
0.14768461 0.69373200
0.14893617 0.69465953
0.15018773 0.69550314
0.15143930 0.69626284
0.15269086 0.69693862
0.15394243 0.69753049
0.15519399 0.69803844
0.15644556 0.69846248
0.15769712 0.69880261
0.15894869 0.69905882
0.16020025 0.69923111
0.16145181 0.69931950
0.16270338 0.69932396
0.16395494 0.69924452
0.16520651 0.69908115
0.16645807 0.69883388
0.16770964 0.69850269
0.16896120 0.69808758
0.17021277 0.69758856
0.17146433 0.69700563
0.17271589 0.69633878
0.17396746 0.69558802
0.17521902 0.69475334
0.17647059 0.69383475
0.17772215 0.69283224
0.17897372 0.69174582
0.18022528 0.69057548
0.18147685 0.68932124
0.18272841 0.68798307
0.18397997 0.68656099
0.18523154 0.68505500
0.18648310 0.68346509
0.18773467 0.68179127
0.18898623 0.68003353
0.19023780 0.67819188
0.19148936 0.67626632
0.19274093 0.67425684
0.19399249 0.67216344
0.19524406 0.66998614
0.19649562 0.66772491
0.19774718 0.66537978
0.19899875 0.66295072
0.20025031 0.66043776
0.20150188 0.65784088
0.20275344 0.65516008
0.20400501 0.65239537
0.20525657 0.64954675
0.20650814 0.64661421
0.20775970 0.64359776
0.20901126 0.64049739
0.21026283 0.63731311
0.21151439 0.63404491
0.21276596 0.63069280
0.21401752 0.62725677
0.21526909 0.62373683
0.21652065 0.62013298
0.21777222 0.61644521
0.21902378 0.61267353
0.22027534 0.60881793
0.22152691 0.60487842
0.22277847 0.60085499
0.22403004 0.59674765
0.22528160 0.59255640
0.22653317 0.58828123
0.22778473 0.58392214
0.22903630 0.57947914
0.23028786 0.57495223
0.23153942 0.57034140
0.23279099 0.56564666
0.23404255 0.56086801
0.23529412 0.55600544
0.23654568 0.55105895
0.23779725 0.54602855
0.23904881 0.54091424
0.24030038 0.53571601
0.24155194 0.53043386
0.24280350 0.52506781
0.24405507 0.51961784
0.24530663 0.51408395
0.24655820 0.50846615
0.24780976 0.50276443
0.24906133 0.49697880
0.25031289 0.49110926
0.25156446 0.48515580
0.25281602 0.47911843
0.25406758 0.47299714
0.25531915 0.46679194
0.25657071 0.46050282
0.25782228 0.45412979
0.25907384 0.44767285
0.26032541 0.44113199
0.26157697 0.43450721
0.26282854 0.42779852
0.26408010 0.42100592
0.26533166 0.41412940
0.26658323 0.40716897
0.26783479 0.40012462
0.26908636 0.39299636
0.27033792 0.38578419
0.27158949 0.37848810
0.27284105 0.37110809
0.27409262 0.36364418
0.27534418 0.35609634
0.27659574 0.34846460
0.27784731 0.34074893
0.27909887 0.33294936
0.28035044 0.32506587
0.28160200 0.31709846
0.28285357 0.30904714
0.28410513 0.30091191
0.28535670 0.29269276
0.28660826 0.28438970
0.28785982 0.27600272
0.28911139 0.26753183
0.29036295 0.25897702
0.29161452 0.25033830
0.29286608 0.24161566
0.29411765 0.23280911
0.29536921 0.22391865
0.29662078 0.21494427
0.29787234 0.20588598
0.29912390 0.19674377
0.30037547 0.18751765
0.30162703 0.17820761
0.30287860 0.16881366
0.30413016 0.15933580
0.30538173 0.14977402
0.30663329 0.14012832
0.30788486 0.13039871
0.30913642 0.12058519
0.31038798 0.11068775
0.31163955 0.10070640
0.31289111 0.09064113
0.31414268 0.08049195
0.31539424 0.07025886
0.31664581 0.05994185
0.31789737 0.04954092
0.31914894 0.03905608
0.32040050 0.02848733
0.32165207 0.01783466
0.32290363 0.00709808
0.32415519 -0.00372241
0.32540676 -0.01462683
0.32665832 -0.02561515
0.32790989 -0.03668739
0.32916145 -0.04784354
0.33041302 -0.05908361
0.33166458 -0.07040760
0.33291615 -0.08181549
0.33416771 -0.09330731
0.33541927 -0.10488303
0.33667084 -0.11654267
0.33792240 -0.12828623
0.33917397 -0.14011370
0.34042553 -0.15202508
0.34167710 -0.16402038
0.34292866 -0.17609959
0.34418023 -0.18826272
0.34543179 -0.20050976
0.34668335 -0.21284072
0.34793492 -0.22525559
0.34918648 -0.23775438
0.35043805 -0.25033708
0.35168961 -0.26300369
0.35294118 -0.27575422
0.35419274 -0.28858866
0.35544431 -0.30150702
0.35669587 -0.31450929
0.35794743 -0.32759548
0.35919900 -0.34076558
0.36045056 -0.35401959
0.36170213 -0.36735752
0.36295369 -0.38077937
0.36420526 -0.39428513
0.36545682 -0.40787480
0.36670839 -0.42154839
0.36795995 -0.43530589
0.36921151 -0.44914731
0.37046308 -0.46307264
0.37171464 -0.47708188
0.37296621 -0.49117504
0.37421777 -0.50535212
0.37546934 -0.51961311
0.37672090 -0.53395801
0.37797247 -0.54838683
0.37922403 -0.56289956
0.38047559 -0.57749621
0.38172716 -0.59217677
0.38297872 -0.60694124
0.38423029 -0.62178963
0.38548185 -0.63672194
0.38673342 -0.65173815
0.38798498 -0.66683829
0.38923655 -0.68202234
0.39048811 -0.69729030
0.39173967 -0.71264217
0.39299124 -0.72807796
0.39424280 -0.74359767
0.39549437 -0.75920129
0.39674593 -0.77488882
0.39799750 -0.79066027
0.39924906 -0.80651564
0.40050063 -0.82245491
0.40175219 -0.83847811
0.40300375 -0.85458521
0.40425532 -0.87077623
0.40550688 -0.88705117
0.40675845 -0.90341002
0.40801001 -0.91985278
0.40926158 -0.93637946
0.41051314 -0.95299005
0.41176471 -0.96968456
0.41301627 -0.98646298
0.41426783 -1.00332532
0.41551940 -1.02027157
0.41677096 -1.03730174
0.41802253 -1.05441582
0.41927409 -1.07161381
0.42052566 -1.08889572
0.42177722 -1.10626154
0.42302879 -1.12371128
0.42428035 -1.14124493
0.42553191 -1.15886250
0.42678348 -1.17656398
0.42803504 -1.19434938
0.42928661 -1.21221869
0.43053817 -1.23017191
0.43178974 -1.24820905
0.43304130 -1.26633010
0.43429287 -1.28453507
0.43554443 -1.30282395
0.43679599 -1.32119675
0.43804756 -1.33965346
0.43929912 -1.35819409
0.44055069 -1.37681863
0.44180225 -1.39552708
0.44305382 -1.41431945
0.44430538 -1.43319573
0.44555695 -1.45215593
0.44680851 -1.47120004
0.44806008 -1.49032807
0.44931164 -1.50954001
0.45056320 -1.52883586
0.45181477 -1.54821563
0.45306633 -1.56767932
0.45431790 -1.58722692
0.45556946 -1.60685843
0.45682103 -1.62657386
0.45807259 -1.64637320
0.45932416 -1.66625646
0.46057572 -1.68622363
0.46182728 -1.70627471
0.46307885 -1.72640971
0.46433041 -1.74662863
0.46558198 -1.76693146
0.46683354 -1.78731820
0.46808511 -1.80778886
0.46933667 -1.82834343
0.47058824 -1.84898192
0.47183980 -1.86970432
0.47309136 -1.89051063
0.47434293 -1.91140086
0.47559449 -1.93237501
0.47684606 -1.95343307
0.47809762 -1.97457504
0.47934919 -1.99580093
0.48060075 -2.01711073
0.48185232 -2.03850445
0.48310388 -2.05998208
0.48435544 -2.08154362
0.48560701 -2.10318908
0.48685857 -2.12491846
0.48811014 -2.14673174
0.48936170 -2.16862895
0.49061327 -2.19061007
0.49186483 -2.21267510
0.49311640 -2.23482404
0.49436796 -2.25705691
0.49561952 -2.27937368
0.49687109 -2.30177437
0.49812265 -2.32425898
0.49937422 -2.34682749
0.50062578 -2.36947993
0.50187735 -2.39221628
0.50312891 -2.41503654
0.50438048 -2.43794071
0.50563204 -2.46092881
0.50688360 -2.48400081
0.50813517 -2.50715673
0.50938673 -2.53039657
0.51063830 -2.55372031
0.51188986 -2.57712798
0.51314143 -2.60061955
0.51439299 -2.62419505
0.51564456 -2.64785445
0.51689612 -2.67159777
0.51814768 -2.69542501
0.51939925 -2.71933616
0.52065081 -2.74333122
0.52190238 -2.76741020
0.52315394 -2.79157310
0.52440551 -2.81581990
0.52565707 -2.84015063
0.52690864 -2.86456526
0.52816020 -2.88906381
0.52941176 -2.91364628
0.53066333 -2.93831266
0.53191489 -2.96306295
0.53316646 -2.98789716
0.53441802 -3.01281529
0.53566959 -3.03781732
0.53692115 -3.06290328
0.53817272 -3.08807314
0.53942428 -3.11332692
0.54067584 -3.13866462
0.54192741 -3.16408623
0.54317897 -3.18959175
0.54443054 -3.21518119
0.54568210 -3.24085455
0.54693367 -3.26661181
0.54818523 -3.29245300
0.54943680 -3.31837809
0.55068836 -3.34438710
0.55193992 -3.37048003
0.55319149 -3.39665687
0.55444305 -3.42291762
0.55569462 -3.44926229
0.55694618 -3.47569088
0.55819775 -3.50220337
0.55944931 -3.52879979
0.56070088 -3.55548011
0.56195244 -3.58224435
0.56320401 -3.60909251
0.56445557 -3.63602458
0.56570713 -3.66304056
0.56695870 -3.69014046
0.56821026 -3.71732428
0.56946183 -3.74459200
0.57071339 -3.77194365
0.57196496 -3.79937920
0.57321652 -3.82689867
0.57446809 -3.85450206
0.57571965 -3.88218936
0.57697121 -3.90996057
0.57822278 -3.93781570
0.57947434 -3.96575475
0.58072591 -3.99377770
0.58197747 -4.02188458
0.58322904 -4.05007536
0.58448060 -4.07835006
0.58573217 -4.10670868
0.58698373 -4.13515121
0.58823529 -4.16367765
0.58948686 -4.19228801
0.59073842 -4.22098229
0.59198999 -4.24976047
0.59324155 -4.27862258
0.59449312 -4.30756859
0.59574468 -4.33659852
0.59699625 -4.36571237
0.59824781 -4.39491013
0.59949937 -4.42419180
0.60075094 -4.45355739
0.60200250 -4.48300690
0.60325407 -4.51254031
0.60450563 -4.54215765
0.60575720 -4.57185889
0.60700876 -4.60164406
0.60826033 -4.63151313
0.60951189 -4.66146612
0.61076345 -4.69150303
0.61201502 -4.72162384
0.61326658 -4.75182858
0.61451815 -4.78211723
0.61576971 -4.81248979
0.61702128 -4.84294626
0.61827284 -4.87348666
0.61952441 -4.90411096
0.62077597 -4.93481918
0.62202753 -4.96561132
0.62327910 -4.99648736
0.62453066 -5.02744733
0.62578223 -5.05849121
0.62703379 -5.08961900
0.62828536 -5.12083070
0.62953692 -5.15212633
0.63078849 -5.18350586
0.63204005 -5.21496931
0.63329161 -5.24651668
0.63454318 -5.27814796
0.63579474 -5.30986315
0.63704631 -5.34166226
0.63829787 -5.37354528
0.63954944 -5.40551222
0.64080100 -5.43756307
0.64205257 -5.46969783
0.64330413 -5.50191651
0.64455569 -5.53421911
0.64580726 -5.56660562
0.64705882 -5.59907604
0.64831039 -5.63163038
0.64956195 -5.66426863
0.65081352 -5.69699080
0.65206508 -5.72979688
0.65331665 -5.76268687
0.65456821 -5.79566078
0.65581977 -5.82871861
0.65707134 -5.86186035
0.65832290 -5.89508600
0.65957447 -5.92839557
0.66082603 -5.96178905
0.66207760 -5.99526645
0.66332916 -6.02882776
0.66458073 -6.06247298
0.66583229 -6.09620212
0.66708385 -6.13001518
0.66833542 -6.16391215
0.66958698 -6.19789303
0.67083855 -6.23195783
0.67209011 -6.26610654
0.67334168 -6.30033917
0.67459324 -6.33465571
0.67584481 -6.36905617
0.67709637 -6.40354054
0.67834793 -6.43810882
0.67959950 -6.47276102
0.68085106 -6.50749713
0.68210263 -6.54231716
0.68335419 -6.57722110
0.68460576 -6.61220896
0.68585732 -6.64728073
0.68710889 -6.68243642
0.68836045 -6.71767602
0.68961202 -6.75299953
0.69086358 -6.78840696
0.69211514 -6.82389830
0.69336671 -6.85947356
0.69461827 -6.89513273
0.69586984 -6.93087582
0.69712140 -6.96670282
0.69837297 -7.00261374
0.69962453 -7.03860857
0.70087610 -7.07468731
0.70212766 -7.11084997
0.70337922 -7.14709654
0.70463079 -7.18342703
0.70588235 -7.21984143
0.70713392 -7.25633975
0.70838548 -7.29292198
0.70963705 -7.32958813
0.71088861 -7.36633819
0.71214018 -7.40317216
0.71339174 -7.44009005
0.71464330 -7.47709186
0.71589487 -7.51417757
0.71714643 -7.55134721
0.71839800 -7.58860075
0.71964956 -7.62593821
0.72090113 -7.66335959
0.72215269 -7.70086488
0.72340426 -7.73845408
0.72465582 -7.77612720
0.72590738 -7.81388424
0.72715895 -7.85172519
0.72841051 -7.88965005
0.72966208 -7.92765882
0.73091364 -7.96575152
0.73216521 -8.00392812
0.73341677 -8.04218864
0.73466834 -8.08053308
0.73591990 -8.11896143
0.73717146 -8.15747369
0.73842303 -8.19606987
0.73967459 -8.23474996
0.74092616 -8.27351397
0.74217772 -8.31236189
0.74342929 -8.35129372
0.74468085 -8.39030947
0.74593242 -8.42940914
0.74718398 -8.46859272
0.74843554 -8.50786021
0.74968711 -8.54721162
0.75093867 -8.58664694
0.75219024 -8.62616618
0.75344180 -8.66576933
0.75469337 -8.70545639
0.75594493 -8.74522738
0.75719650 -8.78508227
0.75844806 -8.82502108
0.75969962 -8.86504380
0.76095119 -8.90515044
0.76220275 -8.94534099
0.76345432 -8.98561546
0.76470588 -9.02597384
0.76595745 -9.06641614
0.76720901 -9.10694235
0.76846058 -9.14755247
0.76971214 -9.18824651
0.77096370 -9.22902446
0.77221527 -9.26988633
0.77346683 -9.31083211
0.77471840 -9.35186181
0.77596996 -9.39297542
0.77722153 -9.43417295
0.77847309 -9.47545439
0.77972466 -9.51681974
0.78097622 -9.55826901
0.78222778 -9.59980220
0.78347935 -9.64141929
0.78473091 -9.68312031
0.78598248 -9.72490523
0.78723404 -9.76677407
0.78848561 -9.80872683
0.78973717 -9.85076350
0.79098874 -9.89288409
0.79224030 -9.93508858
0.79349186 -9.97737700
0.79474343 -10.01974933
0.79599499 -10.06220557
0.79724656 -10.10474573
0.79849812 -10.14736980
0.79974969 -10.19007778
0.80100125 -10.23286968
0.80225282 -10.27574550
0.80350438 -10.31870523
0.80475594 -10.36174887
0.80600751 -10.40487643
0.80725907 -10.44808790
0.80851064 -10.49138329
0.80976220 -10.53476259
0.81101377 -10.57822580
0.81226533 -10.62177293
0.81351690 -10.66540398
0.81476846 -10.70911894
0.81602003 -10.75291781
0.81727159 -10.79680060
0.81852315 -10.84076730
0.81977472 -10.88481792
0.82102628 -10.92895245
0.82227785 -10.97317090
0.82352941 -11.01747326
0.82478098 -11.06185953
0.82603254 -11.10632972
0.82728411 -11.15088382
0.82853567 -11.19552184
0.82978723 -11.24024378
0.83103880 -11.28504962
0.83229036 -11.32993938
0.83354193 -11.37491306
0.83479349 -11.41997065
0.83604506 -11.46511215
0.83729662 -11.51033757
0.83854819 -11.55564691
0.83979975 -11.60104016
0.84105131 -11.64651732
0.84230288 -11.69207839
0.84355444 -11.73772339
0.84480601 -11.78345229
0.84605757 -11.82926511
0.84730914 -11.87516185
0.84856070 -11.92114250
0.84981227 -11.96720706
0.85106383 -12.01335554
0.85231539 -12.05958793
0.85356696 -12.10590424
0.85481852 -12.15230446
0.85607009 -12.19878859
0.85732165 -12.24535664
0.85857322 -12.29200861
0.85982478 -12.33874449
0.86107635 -12.38556428
0.86232791 -12.43246799
0.86357947 -12.47945561
0.86483104 -12.52652715
0.86608260 -12.57368260
0.86733417 -12.62092197
0.86858573 -12.66824525
0.86983730 -12.71565244
0.87108886 -12.76314355
0.87234043 -12.81071858
0.87359199 -12.85837751
0.87484355 -12.90612037
0.87609512 -12.95394713
0.87734668 -13.00185781
0.87859825 -13.04985241
0.87984981 -13.09793092
0.88110138 -13.14609334
0.88235294 -13.19433968
0.88360451 -13.24266994
0.88485607 -13.29108411
0.88610763 -13.33958219
0.88735920 -13.38816419
0.88861076 -13.43683010
0.88986233 -13.48557992
0.89111389 -13.53441366
0.89236546 -13.58333132
0.89361702 -13.63233289
0.89486859 -13.68141837
0.89612015 -13.73058777
0.89737171 -13.77984108
0.89862328 -13.82917831
0.89987484 -13.87859945
0.90112641 -13.92810451
0.90237797 -13.97769348
0.90362954 -14.02736636
0.90488110 -14.07712316
0.90613267 -14.12696387
0.90738423 -14.17688850
0.90863579 -14.22689704
0.90988736 -14.27698950
0.91113892 -14.32716587
0.91239049 -14.37742616
0.91364205 -14.42777036
0.91489362 -14.47819847
0.91614518 -14.52871050
0.91739675 -14.57930645
0.91864831 -14.62998631
0.91989987 -14.68075008
0.92115144 -14.73159776
0.92240300 -14.78252937
0.92365457 -14.83354488
0.92490613 -14.88464431
0.92615770 -14.93582766
0.92740926 -14.98709492
0.92866083 -15.03844609
0.92991239 -15.08988118
0.93116395 -15.14140018
0.93241552 -15.19300310
0.93366708 -15.24468993
0.93491865 -15.29646068
0.93617021 -15.34831534
0.93742178 -15.40025391
0.93867334 -15.45227640
0.93992491 -15.50438280
0.94117647 -15.55657312
0.94242804 -15.60884735
0.94367960 -15.66120550
0.94493116 -15.71364756
0.94618273 -15.76617354
0.94743429 -15.81878343
0.94868586 -15.87147723
0.94993742 -15.92425495
0.95118899 -15.97711659
0.95244055 -16.03006213
0.95369212 -16.08309160
0.95494368 -16.13620497
0.95619524 -16.18940227
0.95744681 -16.24268347
0.95869837 -16.29604859
0.95994994 -16.34949763
0.96120150 -16.40303058
0.96245307 -16.45664744
0.96370463 -16.51034822
0.96495620 -16.56413291
0.96620776 -16.61800152
0.96745932 -16.67195404
0.96871089 -16.72599048
0.96996245 -16.78011083
0.97121402 -16.83431509
0.97246558 -16.88860327
0.97371715 -16.94297536
0.97496871 -16.99743137
0.97622028 -17.05197129
0.97747184 -17.10659513
0.97872340 -17.16130288
0.97997497 -17.21609455
0.98122653 -17.27097013
0.98247810 -17.32592962
0.98372966 -17.38097303
0.98498123 -17.43610036
0.98623279 -17.49131160
0.98748436 -17.54660675
0.98873592 -17.60198582
0.98998748 -17.65744880
0.99123905 -17.71299569
0.99249061 -17.76862650
0.99374218 -17.82434123
0.99499374 -17.88013987
0.99624531 -17.93602242
0.99749687 -17.99198889
0.99874844 -18.04803927
1.00000000 -18.10417357
