0.00000000 0.62460671
0.00125156 0.62250766
0.00250313 0.62041028
0.00375469 0.61831456
0.00500626 0.61622049
0.00625782 0.61412809
0.00750939 0.61203734
0.00876095 0.60994826
0.01001252 0.60786083
0.01126408 0.60577506
0.01251564 0.60369095
0.01376721 0.60160850
0.01501877 0.59952771
0.01627034 0.59744858
0.01752190 0.59537111
0.01877347 0.59329530
0.02002503 0.59122115
0.02127660 0.58914865
0.02252816 0.58707782
0.02377972 0.58500865
0.02503129 0.58294113
0.02628285 0.58087528
0.02753442 0.57881108
0.02878598 0.57674854
0.03003755 0.57468766
0.03128911 0.57262845
0.03254068 0.57057089
0.03379224 0.56851499
0.03504380 0.56646075
0.03629537 0.56440817
0.03754693 0.56235724
0.03879850 0.56030798
0.04005006 0.55826038
0.04130163 0.55621443
0.04255319 0.55417015
0.04380476 0.55212753
0.04505632 0.55008656
0.04630788 0.54804725
0.04755945 0.54600961
0.04881101 0.54397362
0.05006258 0.54193929
0.05131414 0.53990662
0.05256571 0.53787561
0.05381727 0.53584626
0.05506884 0.53381857
0.05632040 0.53179254
0.05757196 0.52976817
0.05882353 0.52774545
0.06007509 0.52572440
0.06132666 0.52370500
0.06257822 0.52168727
0.06382979 0.51967119
0.06508135 0.51765678
0.06633292 0.51564402
0.06758448 0.51363292
0.06883605 0.51162348
0.07008761 0.50961571
0.07133917 0.50760959
0.07259074 0.50560513
0.07384230 0.50360232
0.07509387 0.50160118
0.07634543 0.49960170
0.07759700 0.49760388
0.07884856 0.49560771
0.08010013 0.49361321
0.08135169 0.49162036
0.08260325 0.48962918
0.08385482 0.48763965
0.08510638 0.48565179
0.08635795 0.48366558
0.08760951 0.48168103
0.08886108 0.47969814
0.09011264 0.47771691
0.09136421 0.47573734
0.09261577 0.47375943
0.09386733 0.47178318
0.09511890 0.46980859
0.09637046 0.46783565
0.09762203 0.46586438
0.09887359 0.46389476
0.10012516 0.46192681
0.10137672 0.45996051
0.10262829 0.45799588
0.10387985 0.45603290
0.10513141 0.45407158
0.10638298 0.45211192
0.10763454 0.45015393
0.10888611 0.44819759
0.11013767 0.44624291
0.11138924 0.44428988
0.11264080 0.44233852
0.11389237 0.44038882
0.11514393 0.43844078
0.11639549 0.43649439
0.11764706 0.43454967
0.11889862 0.43260661
0.12015019 0.43066520
0.12140175 0.42872545
0.12265332 0.42678737
0.12390488 0.42485094
0.12515645 0.42291617
0.12640801 0.42098306
0.12765957 0.41905161
0.12891114 0.41712182
0.13016270 0.41519369
0.13141427 0.41326722
0.13266583 0.41134241
0.13391740 0.40941925
0.13516896 0.40749776
0.13642053 0.40557793
0.13767209 0.40365975
0.13892365 0.40174324
0.14017522 0.39982838
0.14142678 0.39791518
0.14267835 0.39600364
0.14392991 0.39409377
0.14518148 0.39218555
0.14643304 0.39027899
0.14768461 0.38837409
0.14893617 0.38647085
0.15018773 0.38456927
0.15143930 0.38266934
0.15269086 0.38077108
0.15394243 0.37887448
0.15519399 0.37697953
0.15644556 0.37508625
0.15769712 0.37319462
0.15894869 0.37130466
0.16020025 0.36941635
0.16145181 0.36752970
0.16270338 0.36564471
0.16395494 0.36376138
0.16520651 0.36187971
0.16645807 0.35999970
0.16770964 0.35812135
0.16896120 0.35624466
0.17021277 0.35436963
0.17146433 0.35249626
0.17271589 0.35062454
0.17396746 0.34875449
0.17521902 0.34688609
0.17647059 0.34501936
0.17772215 0.34315428
0.17897372 0.34129087
0.18022528 0.33942911
0.18147685 0.33756901
0.18272841 0.33571057
0.18397997 0.33385379
0.18523154 0.33199867
0.18648310 0.33014521
0.18773467 0.32829341
0.18898623 0.32644327
0.19023780 0.32459478
0.19148936 0.32274796
0.19274093 0.32090280
0.19399249 0.31905929
0.19524406 0.31721745
0.19649562 0.31537726
0.19774718 0.31353873
0.19899875 0.31170187
0.20025031 0.30986666
0.20150188 0.30803311
0.20275344 0.30620122
0.20400501 0.30437099
0.20525657 0.30254242
0.20650814 0.30071551
0.20775970 0.29889025
0.20901126 0.29706666
0.21026283 0.29524473
0.21151439 0.29342445
0.21276596 0.29160584
0.21401752 0.28978888
0.21526909 0.28797359
0.21652065 0.28615995
0.21777222 0.28434797
0.21902378 0.28253765
0.22027534 0.28072900
0.22152691 0.27892200
0.22277847 0.27711666
0.22403004 0.27531298
0.22528160 0.27351095
0.22653317 0.27171059
0.22778473 0.26991189
0.22903630 0.26811485
0.23028786 0.26631946
0.23153942 0.26452574
0.23279099 0.26273367
0.23404255 0.26094326
0.23529412 0.25915452
0.23654568 0.25736743
0.23779725 0.25558200
0.23904881 0.25379823
0.24030038 0.25201612
0.24155194 0.25023567
0.24280350 0.24845688
0.24405507 0.24667975
0.24530663 0.24490428
0.24655820 0.24313047
0.24780976 0.24135831
0.24906133 0.23958782
0.25031289 0.23781898
0.25156446 0.23605181
0.25281602 0.23428629
0.25406758 0.23252244
0.25531915 0.23076024
0.25657071 0.22899970
0.25782228 0.22724082
0.25907384 0.22548360
0.26032541 0.22372804
0.26157697 0.22197414
0.26282854 0.22022190
0.26408010 0.21847132
0.26533166 0.21672240
0.26658323 0.21497513
0.26783479 0.21322953
0.26908636 0.21148558
0.27033792 0.20974330
0.27158949 0.20800267
0.27284105 0.20626370
0.27409262 0.20452640
0.27534418 0.20279075
0.27659574 0.20105676
0.27784731 0.19932443
0.27909887 0.19759376
0.28035044 0.19586475
0.28160200 0.19413740
0.28285357 0.19241171
0.28410513 0.19068767
0.28535670 0.18896530
0.28660826 0.18724459
0.28785982 0.18552553
0.28911139 0.18380814
0.29036295 0.18209240
0.29161452 0.18037832
0.29286608 0.17866591
0.29411765 0.17695515
0.29536921 0.17524605
0.29662078 0.17353861
0.29787234 0.17183283
0.29912390 0.17012871
0.30037547 0.16842625
0.30162703 0.16672545
0.30287860 0.16502630
0.30413016 0.16332882
0.30538173 0.16163300
0.30663329 0.15993883
0.30788486 0.15824633
0.30913642 0.15655548
0.31038798 0.15486629
0.31163955 0.15317877
0.31289111 0.15149290
0.31414268 0.14980869
0.31539424 0.14812614
0.31664581 0.14644525
0.31789737 0.14476602
0.31914894 0.14308845
0.32040050 0.14141254
0.32165207 0.13973828
0.32290363 0.13806569
0.32415519 0.13639476
0.32540676 0.13472548
0.32665832 0.13305787
0.32790989 0.13139191
0.32916145 0.12972761
0.33041302 0.12806498
0.33166458 0.12640400
0.33291615 0.12474468
0.33416771 0.12308702
0.33541927 0.12143102
0.33667084 0.11977668
0.33792240 0.11812400
0.33917397 0.11647298
0.34042553 0.11482361
0.34167710 0.11317591
0.34292866 0.11152987
0.34418023 0.10988548
0.34543179 0.10824276
0.34668335 0.10660169
0.34793492 0.10496228
0.34918648 0.10332454
0.35043805 0.10168845
0.35168961 0.10005402
0.35294118 0.09842125
0.35419274 0.09679014
0.35544431 0.09516069
0.35669587 0.09353290
0.35794743 0.09190677
0.35919900 0.09028229
0.36045056 0.08865948
0.36170213 0.08703833
0.36295369 0.08541883
0.36420526 0.08380100
0.36545682 0.08218482
0.36670839 0.08057030
0.36795995 0.07895745
0.36921151 0.07734625
0.37046308 0.07573671
0.37171464 0.07412883
0.37296621 0.07252261
0.37421777 0.07091805
0.37546934 0.06931515
0.37672090 0.06771391
0.37797247 0.06611432
0.37922403 0.06451640
0.38047559 0.06292014
0.38172716 0.06132553
0.38297872 0.05973259
0.38423029 0.05814130
0.38548185 0.05655167
0.38673342 0.05496371
0.38798498 0.05337740
0.38923655 0.05179275
0.39048811 0.05020976
0.39173967 0.04862843
0.39299124 0.04704876
0.39424280 0.04547075
0.39549437 0.04389440
0.39674593 0.04231971
0.39799750 0.04074667
0.39924906 0.03917530
0.40050063 0.03760558
0.40175219 0.03603753
0.40300375 0.03447113
0.40425532 0.03290640
0.40550688 0.03134332
0.40675845 0.02978190
0.40801001 0.02822214
0.40926158 0.02666404
0.41051314 0.02510760
0.41176471 0.02355282
0.41301627 0.02199970
0.41426783 0.02044824
0.41551940 0.01889844
0.41677096 0.01735029
0.41802253 0.01580381
0.41927409 0.01425899
0.42052566 0.01271582
0.42177722 0.01117431
0.42302879 0.00963447
0.42428035 0.00809628
0.42553191 0.00655975
0.42678348 0.00502488
0.42803504 0.00349167
0.42928661 0.00196012
0.43053817 0.00043023
0.43178974 -0.00109800
0.43304130 -0.00262457
0.43429287 -0.00414948
0.43554443 -0.00567273
0.43679599 -0.00719433
0.43804756 -0.00871426
0.43929912 -0.01023254
0.44055069 -0.01174915
0.44180225 -0.01326411
0.44305382 -0.01477741
0.44430538 -0.01628905
0.44555695 -0.01779902
0.44680851 -0.01930734
0.44806008 -0.02081400
0.44931164 -0.02231900
0.45056320 -0.02382234
0.45181477 -0.02532403
0.45306633 -0.02682405
0.45431790 -0.02832241
0.45556946 -0.02981912
0.45682103 -0.03131416
0.45807259 -0.03280755
0.45932416 -0.03429927
0.46057572 -0.03578934
0.46182728 -0.03727775
0.46307885 -0.03876449
0.46433041 -0.04024958
0.46558198 -0.04173301
0.46683354 -0.04321478
0.46808511 -0.04469489
0.46933667 -0.04617334
0.47058824 -0.04765013
0.47183980 -0.04912527
0.47309136 -0.05059874
0.47434293 -0.05207055
0.47559449 -0.05354071
0.47684606 -0.05500920
0.47809762 -0.05647604
0.47934919 -0.05794122
0.48060075 -0.05940473
0.48185232 -0.06086659
0.48310388 -0.06232679
0.48435544 -0.06378533
0.48560701 -0.06524221
0.48685857 -0.06669743
0.48811014 -0.06815099
0.48936170 -0.06960289
0.49061327 -0.07105313
0.49186483 -0.07250172
0.49311640 -0.07394864
0.49436796 -0.07539390
0.49561952 -0.07683751
0.49687109 -0.07827946
0.49812265 -0.07971974
0.49937422 -0.08115837
0.50062578 -0.08259534
0.50187735 -0.08403065
0.50312891 -0.08546429
0.50438048 -0.08689628
0.50563204 -0.08832661
0.50688360 -0.08975529
0.50813517 -0.09118230
0.50938673 -0.09260765
0.51063830 -0.09403134
0.51188986 -0.09545338
0.51314143 -0.09687375
0.51439299 -0.09829247
0.51564456 -0.09970952
0.51689612 -0.10112492
0.51814768 -0.10253866
0.51939925 -0.10395073
0.52065081 -0.10536115
0.52190238 -0.10676991
0.52315394 -0.10817701
0.52440551 -0.10958245
0.52565707 -0.11098623
0.52690864 -0.11238835
0.52816020 -0.11378882
0.52941176 -0.11518762
0.53066333 -0.11658476
0.53191489 -0.11798025
0.53316646 -0.11937407
0.53441802 -0.12076624
0.53566959 -0.12215674
0.53692115 -0.12354559
0.53817272 -0.12493278
0.53942428 -0.12631831
0.54067584 -0.12770218
0.54192741 -0.12908439
0.54317897 -0.13046494
0.54443054 -0.13184383
0.54568210 -0.13322106
0.54693367 -0.13459663
0.54818523 -0.13597055
0.54943680 -0.13734280
0.55068836 -0.13871339
0.55193992 -0.14008233
0.55319149 -0.14144960
0.55444305 -0.14281522
0.55569462 -0.14417918
0.55694618 -0.14554148
0.55819775 -0.14690211
0.55944931 -0.14826109
0.56070088 -0.14961841
0.56195244 -0.15097407
0.56320401 -0.15232807
0.56445557 -0.15368042
0.56570713 -0.15503110
0.56695870 -0.15638012
0.56821026 -0.15772748
0.56946183 -0.15907319
0.57071339 -0.16041723
0.57196496 -0.16175962
0.57321652 -0.16310035
0.57446809 -0.16443941
0.57571965 -0.16577682
0.57697121 -0.16711257
0.57822278 -0.16844666
0.57947434 -0.16977909
0.58072591 -0.17110986
0.58197747 -0.17243897
0.58322904 -0.17376642
0.58448060 -0.17509221
0.58573217 -0.17641635
0.58698373 -0.17773882
0.58823529 -0.17905963
0.58948686 -0.18037879
0.59073842 -0.18169628
0.59198999 -0.18301212
0.59324155 -0.18432630
0.59449312 -0.18563882
0.59574468 -0.18694967
0.59699625 -0.18825887
0.59824781 -0.18956641
0.59949937 -0.19087229
0.60075094 -0.19217651
0.60200250 -0.19347908
0.60325407 -0.19477998
0.60450563 -0.19607922
0.60575720 -0.19737680
0.60700876 -0.19867273
0.60826033 -0.19996699
0.60951189 -0.20125960
0.61076345 -0.20255055
0.61201502 -0.20383983
0.61326658 -0.20512746
0.61451815 -0.20641343
0.61576971 -0.20769774
0.61702128 -0.20898039
0.61827284 -0.21026138
0.61952441 -0.21154071
0.62077597 -0.21281838
0.62202753 -0.21409439
0.62327910 -0.21536875
0.62453066 -0.21664144
0.62578223 -0.21791247
0.62703379 -0.21918185
0.62828536 -0.22044956
0.62953692 -0.22171562
0.63078849 -0.22298002
0.63204005 -0.22424275
0.63329161 -0.22550383
0.63454318 -0.22676325
0.63579474 -0.22802101
0.63704631 -0.22927711
0.63829787 -0.23053155
0.63954944 -0.23178433
0.64080100 -0.23303546
0.64205257 -0.23428492
0.64330413 -0.23553272
0.64455569 -0.23677887
0.64580726 -0.23802335
0.64705882 -0.23926618
0.64831039 -0.24050734
0.64956195 -0.24174685
0.65081352 -0.24298470
0.65206508 -0.24422089
0.65331665 -0.24545542
0.65456821 -0.24668829
0.65581977 -0.24791950
0.65707134 -0.24914905
0.65832290 -0.25037694
0.65957447 -0.25160317
0.66082603 -0.25282774
0.66207760 -0.25405066
0.66332916 -0.25527191
0.66458073 -0.25649151
0.66583229 -0.25770944
0.66708385 -0.25892572
0.66833542 -0.26014033
0.66958698 -0.26135329
0.67083855 -0.26256459
0.67209011 -0.26377423
0.67334168 -0.26498221
0.67459324 -0.26618853
0.67584481 -0.26739319
0.67709637 -0.26859619
0.67834793 -0.26979753
0.67959950 -0.27099722
0.68085106 -0.27219524
0.68210263 -0.27339160
0.68335419 -0.27458631
0.68460576 -0.27577935
0.68585732 -0.27697074
0.68710889 -0.27816047
0.68836045 -0.27934853
0.68961202 -0.28053494
0.69086358 -0.28171969
0.69211514 -0.28290278
0.69336671 -0.28408421
0.69461827 -0.28526398
0.69586984 -0.28644209
0.69712140 -0.28761855
0.69837297 -0.28879334
0.69962453 -0.28996647
0.70087610 -0.29113795
0.70212766 -0.29230776
0.70337922 -0.29347592
0.70463079 -0.29464241
0.70588235 -0.29580725
0.70713392 -0.29697043
0.70838548 -0.29813195
0.70963705 -0.29929180
0.71088861 -0.30045000
0.71214018 -0.30160654
0.71339174 -0.30276143
0.71464330 -0.30391465
0.71589487 -0.30506621
0.71714643 -0.30621611
0.71839800 -0.30736436
0.71964956 -0.30851094
0.72090113 -0.30965586
0.72215269 -0.31079913
0.72340426 -0.31194074
0.72465582 -0.31308068
0.72590738 -0.31421897
0.72715895 -0.31535560
0.72841051 -0.31649057
0.72966208 -0.31762388
0.73091364 -0.31875553
0.73216521 -0.31988552
0.73341677 -0.32101385
0.73466834 -0.32214052
0.73591990 -0.32326553
0.73717146 -0.32438889
0.73842303 -0.32551058
0.73967459 -0.32663062
0.74092616 -0.32774899
0.74217772 -0.32886571
0.74342929 -0.32998076
0.74468085 -0.33109416
0.74593242 -0.33220590
0.74718398 -0.33331598
0.74843554 -0.33442440
0.74968711 -0.33553116
0.75093867 -0.33663626
0.75219024 -0.33773970
0.75344180 -0.33884148
0.75469337 -0.33994161
0.75594493 -0.34104007
0.75719650 -0.34213687
0.75844806 -0.34323202
0.75969962 -0.34432550
0.76095119 -0.34541733
0.76220275 -0.34650750
0.76345432 -0.34759600
0.76470588 -0.34868285
0.76595745 -0.34976804
0.76720901 -0.35085157
0.76846058 -0.35193344
0.76971214 -0.35301365
0.77096370 -0.35409220
0.77221527 -0.35516909
0.77346683 -0.35624433
0.77471840 -0.35731790
0.77596996 -0.35838981
0.77722153 -0.35946007
0.77847309 -0.36052866
0.77972466 -0.36159560
0.78097622 -0.36266088
0.78222778 -0.36372449
0.78347935 -0.36478645
0.78473091 -0.36584675
0.78598248 -0.36690539
0.78723404 -0.36796237
0.78848561 -0.36901769
0.78973717 -0.37007135
0.79098874 -0.37112336
0.79224030 -0.37217370
0.79349186 -0.37322238
0.79474343 -0.37426941
0.79599499 -0.37531477
0.79724656 -0.37635848
0.79849812 -0.37740052
0.79974969 -0.37844091
0.80100125 -0.37947964
0.80225282 -0.38051670
0.80350438 -0.38155211
0.80475594 -0.38258586
0.80600751 -0.38361795
0.80725907 -0.38464838
0.80851064 -0.38567715
0.80976220 -0.38670427
0.81101377 -0.38772972
0.81226533 -0.38875351
0.81351690 -0.38977565
0.81476846 -0.39079612
0.81602003 -0.39181494
0.81727159 -0.39283209
0.81852315 -0.39384759
0.81977472 -0.39486143
0.82102628 -0.39587360
0.82227785 -0.39688412
0.82352941 -0.39789298
0.82478098 -0.39890018
0.82603254 -0.39990572
0.82728411 -0.40090960
0.82853567 -0.40191183
0.82978723 -0.40291239
0.83103880 -0.40391129
0.83229036 -0.40490854
0.83354193 -0.40590412
0.83479349 -0.40689805
0.83604506 -0.40789031
0.83729662 -0.40888092
0.83854819 -0.40986987
0.83979975 -0.41085715
0.84105131 -0.41184278
0.84230288 -0.41282675
0.84355444 -0.41380906
0.84480601 -0.41478971
0.84605757 -0.41576870
0.84730914 -0.41674604
0.84856070 -0.41772171
0.84981227 -0.41869572
0.85106383 -0.41966808
0.85231539 -0.42063877
0.85356696 -0.42160781
0.85481852 -0.42257518
0.85607009 -0.42354090
0.85732165 -0.42450496
0.85857322 -0.42546735
0.85982478 -0.42642809
0.86107635 -0.42738717
0.86232791 -0.42834459
0.86357947 -0.42930035
0.86483104 -0.43025445
0.86608260 -0.43120690
0.86733417 -0.43215768
0.86858573 -0.43310680
0.86983730 -0.43405427
0.87108886 -0.43500007
0.87234043 -0.43594422
0.87359199 -0.43688670
0.87484355 -0.43782753
0.87609512 -0.43876670
0.87734668 -0.43970420
0.87859825 -0.44064005
0.87984981 -0.44157424
0.88110138 -0.44250677
0.88235294 -0.44343764
0.88360451 -0.44436685
0.88485607 -0.44529440
0.88610763 -0.44622030
0.88735920 -0.44714453
0.88861076 -0.44806710
0.88986233 -0.44898802
0.89111389 -0.44990727
0.89236546 -0.45082487
0.89361702 -0.45174081
0.89486859 -0.45265508
0.89612015 -0.45356770
0.89737171 -0.45447866
0.89862328 -0.45538796
0.89987484 -0.45629560
0.90112641 -0.45720158
0.90237797 -0.45810590
0.90362954 -0.45900856
0.90488110 -0.45990957
0.90613267 -0.46080891
0.90738423 -0.46170659
0.90863579 -0.46260262
0.90988736 -0.46349698
0.91113892 -0.46438969
0.91239049 -0.46528074
0.91364205 -0.46617012
0.91489362 -0.46705785
0.91614518 -0.46794392
0.91739675 -0.46882833
0.91864831 -0.46971108
0.91989987 -0.47059217
0.92115144 -0.47147160
0.92240300 -0.47234937
0.92365457 -0.47322548
0.92490613 -0.47409994
0.92615770 -0.47497273
0.92740926 -0.47584387
0.92866083 -0.47671334
0.92991239 -0.47758116
0.93116395 -0.47844731
0.93241552 -0.47931181
0.93366708 -0.48017465
0.93491865 -0.48103583
0.93617021 -0.48189535
0.93742178 -0.48275321
0.93867334 -0.48360941
0.93992491 -0.48446395
0.94117647 -0.48531683
0.94242804 -0.48616805
0.94367960 -0.48701762
0.94493116 -0.48786552
0.94618273 -0.48871176
0.94743429 -0.48955635
0.94868586 -0.49039928
0.94993742 -0.49124054
0.95118899 -0.49208015
0.95244055 -0.49291810
0.95369212 -0.49375439
0.95494368 -0.49458901
0.95619524 -0.49542198
0.95744681 -0.49625329
0.95869837 -0.49708295
0.95994994 -0.49791094
0.96120150 -0.49873727
0.96245307 -0.49956194
0.96370463 -0.50038496
0.96495620 -0.50120631
0.96620776 -0.50202601
0.96745932 -0.50284404
0.96871089 -0.50366042
0.96996245 -0.50447514
0.97121402 -0.50528819
0.97246558 -0.50609959
0.97371715 -0.50690933
0.97496871 -0.50771741
0.97622028 -0.50852383
0.97747184 -0.50932859
0.97872340 -0.51013170
0.97997497 -0.51093314
0.98122653 -0.51173292
0.98247810 -0.51253104
0.98372966 -0.51332751
0.98498123 -0.51412231
0.98623279 -0.51491546
0.98748436 -0.51570695
0.98873592 -0.51649677
0.98998748 -0.51728494
0.99123905 -0.51807145
0.99249061 -0.51885630
0.99374218 -0.51963949
0.99499374 -0.52042102
0.99624531 -0.52120089
0.99749687 -0.52197910
0.99874844 -0.52275565
1.00000000 -0.52353055
