0.00000000 0.29724770
0.00125156 0.31826378
0.00250313 0.33704260
0.00375469 0.35368719
0.00500626 0.36829771
0.00625782 0.38097149
0.00750939 0.39180307
0.00876095 0.40088428
0.01001252 0.40830428
0.01126408 0.41414960
0.01251564 0.41850423
0.01376721 0.42144961
0.01501877 0.42306476
0.01627034 0.42342624
0.01752190 0.42260827
0.01877347 0.42068274
0.02002503 0.41771930
0.02127660 0.41378532
0.02252816 0.40894605
0.02377972 0.40326458
0.02503129 0.39680190
0.02628285 0.38961698
0.02753442 0.38176679
0.02878598 0.37330633
0.03003755 0.36428870
0.03128911 0.35476510
0.03254068 0.34478494
0.03379224 0.33439581
0.03504380 0.32364354
0.03629537 0.31257228
0.03754693 0.30122449
0.03879850 0.28964098
0.04005006 0.27786098
0.04130163 0.26592217
0.04255319 0.25386068
0.04380476 0.24171115
0.04505632 0.22950680
0.04630788 0.21727939
0.04755945 0.20505933
0.04881101 0.19287565
0.05006258 0.18075609
0.05131414 0.16872707
0.05256571 0.15681378
0.05381727 0.14504020
0.05506884 0.13342909
0.05632040 0.12200206
0.05757196 0.11077960
0.05882353 0.09978108
0.06007509 0.08902482
0.06132666 0.07852807
0.06257822 0.06830710
0.06382979 0.05837715
0.06508135 0.04875254
0.06633292 0.03944662
0.06758448 0.03047186
0.06883605 0.02183983
0.07008761 0.01356125
0.07133917 0.00564601
0.07259074 -0.00189681
0.07384230 -0.00905892
0.07509387 -0.01583277
0.07634543 -0.02221158
0.07759700 -0.02818925
0.07884856 -0.03376039
0.08010013 -0.03892029
0.08135169 -0.04366487
0.08260325 -0.04799068
0.08385482 -0.05189489
0.08510638 -0.05537523
0.08635795 -0.05843004
0.08760951 -0.06105816
0.08886108 -0.06325900
0.09011264 -0.06503244
0.09136421 -0.06637888
0.09261577 -0.06729918
0.09386733 -0.06779466
0.09511890 -0.06786708
0.09637046 -0.06751862
0.09762203 -0.06675184
0.09887359 -0.06556973
0.10012516 -0.06397563
0.10137672 -0.06197323
0.10262829 -0.05956657
0.10387985 -0.05676001
0.10513141 -0.05355823
0.10638298 -0.04996621
0.10763454 -0.04598920
0.10888611 -0.04163273
0.11013767 -0.03690257
0.11138924 -0.03180475
0.11264080 -0.02634553
0.11389237 -0.02053137
0.11514393 -0.01436896
0.11639549 -0.00786516
0.11764706 -0.00102702
0.11889862 0.00613822
0.12015019 0.01362321
0.12140175 0.02142039
0.12265332 0.02952211
0.12390488 0.03792058
0.12515645 0.04660787
0.12640801 0.05557598
0.12765957 0.06481678
0.12891114 0.07432208
0.13016270 0.08408358
0.13141427 0.09409294
0.13266583 0.10434172
0.13391740 0.11482147
0.13516896 0.12552367
0.13642053 0.13643976
0.13767209 0.14756116
0.13892365 0.15887926
0.14017522 0.17038544
0.14142678 0.18207107
0.14267835 0.19392751
0.14392991 0.20594615
0.14518148 0.21811836
0.14643304 0.23043555
0.14768461 0.24288915
0.14893617 0.25547062
0.15018773 0.26817143
0.15143930 0.28098314
0.15269086 0.29389730
0.15394243 0.30690557
0.15519399 0.31999961
0.15644556 0.33317118
0.15769712 0.34641209
0.15894869 0.35971421
0.16020025 0.37306951
0.16145181 0.38647001
0.16270338 0.39990784
0.16395494 0.41337518
0.16520651 0.42686433
0.16645807 0.44036767
0.16770964 0.45387768
0.16896120 0.46738693
0.17021277 0.48088809
0.17146433 0.49437396
0.17271589 0.50783742
0.17396746 0.52127146
0.17521902 0.53466921
0.17647059 0.54802389
0.17772215 0.56132883
0.17897372 0.57457751
0.18022528 0.58776349
0.18147685 0.60088050
0.18272841 0.61392235
0.18397997 0.62688300
0.18523154 0.63975654
0.18648310 0.65253717
0.18773467 0.66521923
0.18898623 0.67779719
0.19023780 0.69026565
0.19148936 0.70261936
0.19274093 0.71485317
0.19399249 0.72696209
0.19524406 0.73894125
0.19649562 0.75078594
0.19774718 0.76249155
0.19899875 0.77405362
0.20025031 0.78546785
0.20150188 0.79673004
0.20275344 0.80783615
0.20400501 0.81878227
0.20525657 0.82956462
0.20650814 0.84017956
0.20775970 0.85062359
0.20901126 0.86089335
0.21026283 0.87098559
0.21151439 0.88089724
0.21276596 0.89062531
0.21401752 0.90016699
0.21526909 0.90951957
0.21652065 0.91868049
0.21777222 0.92764731
0.21902378 0.93641774
0.22027534 0.94498961
0.22152691 0.95336086
0.22277847 0.96152958
0.22403004 0.96949398
0.22528160 0.97725239
0.22653317 0.98480328
0.22778473 0.99214523
0.22903630 0.99927694
0.23028786 1.00619724
0.23153942 1.01290507
0.23279099 1.01939950
0.23404255 1.02567970
0.23529412 1.03174496
0.23654568 1.03759470
0.23779725 1.04322843
0.23904881 1.04864579
0.24030038 1.05384650
0.24155194 1.05883042
0.24280350 1.06359749
0.24405507 1.06814777
0.24530663 1.07248142
0.24655820 1.07659869
0.24780976 1.08049994
0.24906133 1.08418562
0.25031289 1.08765627
0.25156446 1.09091255
0.25281602 1.09395517
0.25406758 1.09678496
0.25531915 1.09940283
0.25657071 1.10180977
0.25782228 1.10400686
0.25907384 1.10599527
0.26032541 1.10777622
0.26157697 1.10935104
0.26282854 1.11072112
0.26408010 1.11188794
0.26533166 1.11285302
0.26658323 1.11361798
0.26783479 1.11418450
0.26908636 1.11455433
0.27033792 1.11472926
0.27158949 1.11471118
0.27284105 1.11450201
0.27409262 1.11410374
0.27534418 1.11351842
0.27659574 1.11274815
0.27784731 1.11179508
0.27909887 1.11066142
0.28035044 1.10934940
0.28160200 1.10786134
0.28285357 1.10619956
0.28410513 1.10436647
0.28535670 1.10236447
0.28660826 1.10019603
0.28785982 1.09786366
0.28911139 1.09536988
0.29036295 1.09271726
0.29161452 1.08990840
0.29286608 1.08694593
0.29411765 1.08383249
0.29536921 1.08057078
0.29662078 1.07716348
0.29787234 1.07361332
0.29912390 1.06992305
0.30037547 1.06609542
0.30162703 1.06213321
0.30287860 1.05803922
0.30413016 1.05381624
0.30538173 1.04946709
0.30663329 1.04499459
0.30788486 1.04040158
0.30913642 1.03569088
0.31038798 1.03086535
0.31163955 1.02592781
0.31289111 1.02088111
0.31414268 1.01572811
0.31539424 1.01047162
0.31664581 1.00511449
0.31789737 0.99965955
0.31914894 0.99410962
0.32040050 0.98846752
0.32165207 0.98273604
0.32290363 0.97691798
0.32415519 0.97101612
0.32540676 0.96503322
0.32665832 0.95897203
0.32790989 0.95283528
0.32916145 0.94662569
0.33041302 0.94034595
0.33166458 0.93399872
0.33291615 0.92758667
0.33416771 0.92111241
0.33541927 0.91457855
0.33667084 0.90798766
0.33792240 0.90134229
0.33917397 0.89464497
0.34042553 0.88789818
0.34167710 0.88110439
0.34292866 0.87426603
0.34418023 0.86738548
0.34543179 0.86046513
0.34668335 0.85350729
0.34793492 0.84651427
0.34918648 0.83948832
0.35043805 0.83243166
0.35168961 0.82534648
0.35294118 0.81823493
0.35419274 0.81109911
0.35544431 0.80394109
0.35669587 0.79676290
0.35794743 0.78956651
0.35919900 0.78235388
0.36045056 0.77512690
0.36170213 0.76788743
0.36295369 0.76063728
0.36420526 0.75337822
0.36545682 0.74611198
0.36670839 0.73884023
0.36795995 0.73156461
0.36921151 0.72428670
0.37046308 0.71700804
0.37171464 0.70973012
0.37296621 0.70245440
0.37421777 0.69518226
0.37546934 0.68791506
0.37672090 0.68065409
0.37797247 0.67340062
0.37922403 0.66615584
0.38047559 0.65892091
0.38172716 0.65169694
0.38297872 0.64448499
0.38423029 0.63728606
0.38548185 0.63010111
0.38673342 0.62293106
0.38798498 0.61577677
0.38923655 0.60863904
0.39048811 0.60151864
0.39173967 0.59441629
0.39299124 0.58733264
0.39424280 0.58026832
0.39549437 0.57322389
0.39674593 0.56619987
0.39799750 0.55919673
0.39924906 0.55221489
0.40050063 0.54525474
0.40175219 0.53831658
0.40300375 0.53140072
0.40425532 0.52450737
0.40550688 0.51763673
0.40675845 0.51078894
0.40801001 0.50396409
0.40926158 0.49716222
0.41051314 0.49038336
0.41176471 0.48362744
0.41301627 0.47689440
0.41426783 0.47018411
0.41551940 0.46349639
0.41677096 0.45683103
0.41802253 0.45018778
0.41927409 0.44356634
0.42052566 0.43696638
0.42177722 0.43038752
0.42302879 0.42382935
0.42428035 0.41729142
0.42553191 0.41077322
0.42678348 0.40427424
0.42803504 0.39779391
0.42928661 0.39133163
0.43053817 0.38488676
0.43178974 0.37845864
0.43304130 0.37204655
0.43429287 0.36564977
0.43554443 0.35926753
0.43679599 0.35289903
0.43804756 0.34654344
0.43929912 0.34019990
0.44055069 0.33386754
0.44180225 0.32754542
0.44305382 0.32123263
0.44430538 0.31492819
0.44555695 0.30863111
0.44680851 0.30234038
0.44806008 0.29605496
0.44931164 0.28977380
0.45056320 0.28349582
0.45181477 0.27721992
0.45306633 0.27094498
0.45431790 0.26466987
0.45556946 0.25839344
0.45682103 0.25211452
0.45807259 0.24583193
0.45932416 0.23954448
0.46057572 0.23325095
0.46182728 0.22695014
0.46307885 0.22064080
0.46433041 0.21432171
0.46558198 0.20799161
0.46683354 0.20164925
0.46808511 0.19529337
0.46933667 0.18892270
0.47058824 0.18253598
0.47183980 0.17613193
0.47309136 0.16970929
0.47434293 0.16326676
0.47559449 0.15680309
0.47684606 0.15031700
0.47809762 0.14380722
0.47934919 0.13727248
0.48060075 0.13071153
0.48185232 0.12412310
0.48310388 0.11750595
0.48435544 0.11085884
0.48560701 0.10418054
0.48685857 0.09746983
0.48811014 0.09072550
0.48936170 0.08394635
0.49061327 0.07713120
0.49186483 0.07027889
0.49311640 0.06338826
0.49436796 0.05645817
0.49561952 0.04948750
0.49687109 0.04247517
0.49812265 0.03542009
0.49937422 0.02832120
0.50062578 0.02117747
0.50187735 0.01398788
0.50312891 0.00675144
0.50438048 -0.00053280
0.50563204 -0.00786578
0.50688360 -0.01524842
0.50813517 -0.02268159
0.50938673 -0.03016616
0.51063830 -0.03770293
0.51188986 -0.04529272
0.51314143 -0.05293626
0.51439299 -0.06063430
0.51564456 -0.06838753
0.51689612 -0.07619660
0.51814768 -0.08406214
0.51939925 -0.09198473
0.52065081 -0.09996493
0.52190238 -0.10800325
0.52315394 -0.11610017
0.52440551 -0.12425611
0.52565707 -0.13247147
0.52690864 -0.14074660
0.52816020 -0.14908182
0.52941176 -0.15747738
0.53066333 -0.16593352
0.53191489 -0.17445042
0.53316646 -0.18302820
0.53441802 -0.19166697
0.53566959 -0.20036676
0.53692115 -0.20912757
0.53817272 -0.21794935
0.53942428 -0.22683201
0.54067584 -0.23577540
0.54192741 -0.24477932
0.54317897 -0.25384353
0.54443054 -0.26296774
0.54568210 -0.27215159
0.54693367 -0.28139470
0.54818523 -0.29069662
0.54943680 -0.30005684
0.55068836 -0.30947482
0.55193992 -0.31894996
0.55319149 -0.32848159
0.55444305 -0.33806901
0.55569462 -0.34771146
0.55694618 -0.35740812
0.55819775 -0.36715812
0.55944931 -0.37696054
0.56070088 -0.38681439
0.56195244 -0.39671865
0.56320401 -0.40667223
0.56445557 -0.41667399
0.56570713 -0.42672272
0.56695870 -0.43681719
0.56821026 -0.44695608
0.56946183 -0.45713804
0.57071339 -0.46736164
0.57196496 -0.47762542
0.57321652 -0.48792785
0.57446809 -0.49826736
0.57571965 -0.50864231
0.57697121 -0.51905101
0.57822278 -0.52949173
0.57947434 -0.53996266
0.58072591 -0.55046197
0.58197747 -0.56098774
0.58322904 -0.57153803
0.58448060 -0.58211082
0.58573217 -0.59270407
0.58698373 -0.60331565
0.58823529 -0.61394342
0.58948686 -0.62458515
0.59073842 -0.63523858
0.59198999 -0.64590140
0.59324155 -0.65657126
0.59449312 -0.66724574
0.59574468 -0.67792238
0.59699625 -0.68859868
0.59824781 -0.69927209
0.59949937 -0.70994001
0.60075094 -0.72059980
0.60200250 -0.73124877
0.60325407 -0.74188420
0.60450563 -0.75250331
0.60575720 -0.76310328
0.60700876 -0.77368126
0.60826033 -0.78423436
0.60951189 -0.79475965
0.61076345 -0.80525414
0.61201502 -0.81571483
0.61326658 -0.82613868
0.61451815 -0.83652261
0.61576971 -0.84686349
0.61702128 -0.85715820
0.61827284 -0.86740354
0.61952441 -0.87759631
0.62077597 -0.88773328
0.62202753 -0.89781117
0.62327910 -0.90782670
0.62453066 -0.91777656
0.62578223 -0.92765740
0.62703379 -0.93746585
0.62828536 -0.94719854
0.62953692 -0.95685207
0.63078849 -0.96642300
0.63204005 -0.97590791
0.63329161 -0.98530334
0.63454318 -0.99460583
0.63579474 -1.00381189
0.63704631 -1.01291803
0.63829787 -1.02192077
0.63954944 -1.03081658
0.64080100 -1.03960197
0.64205257 -1.04827342
0.64330413 -1.05682741
0.64455569 -1.06526042
0.64580726 -1.07356894
0.64705882 -1.08174946
0.64831039 -1.08979846
0.64956195 -1.09771245
0.65081352 -1.10548794
0.65206508 -1.11312145
0.65331665 -1.12060950
0.65456821 -1.12794864
0.65581977 -1.13513543
0.65707134 -1.14216645
0.65832290 -1.14903831
0.65957447 -1.15574762
0.66082603 -1.16229104
0.66207760 -1.16866523
0.66332916 -1.17486689
0.66458073 -1.18089277
0.66583229 -1.18673961
0.66708385 -1.19240423
0.66833542 -1.19788345
0.66958698 -1.20317415
0.67083855 -1.20827325
0.67209011 -1.21317770
0.67334168 -1.21788451
0.67459324 -1.22239073
0.67584481 -1.22669345
0.67709637 -1.23078984
0.67834793 -1.23467709
0.67959950 -1.23835247
0.68085106 -1.24181330
0.68210263 -1.24505696
0.68335419 -1.24808090
0.68460576 -1.25088262
0.68585732 -1.25345970
0.68710889 -1.25580979
0.68836045 -1.25793061
0.68961202 -1.25981994
0.69086358 -1.26147566
0.69211514 -1.26289570
0.69336671 -1.26407811
0.69461827 -1.26502098
0.69586984 -1.26572251
0.69712140 -1.26618099
0.69837297 -1.26639479
0.69962453 -1.26636236
0.70087610 -1.26608228
0.70212766 -1.26555319
0.70337922 -1.26477384
0.70463079 -1.26374309
0.70588235 -1.26245989
0.70713392 -1.26092331
0.70838548 -1.25913250
0.70963705 -1.25708675
0.71088861 -1.25478545
0.71214018 -1.25222808
0.71339174 -1.24941428
0.71464330 -1.24634376
0.71589487 -1.24301639
0.71714643 -1.23943213
0.71839800 -1.23559109
0.71964956 -1.23149348
0.72090113 -1.22713966
0.72215269 -1.22253009
0.72340426 -1.21766539
0.72465582 -1.21254630
0.72590738 -1.20717369
0.72715895 -1.20154858
0.72841051 -1.19567211
0.72966208 -1.18954557
0.73091364 -1.18317039
0.73216521 -1.17654815
0.73341677 -1.16968055
0.73466834 -1.16256946
0.73591990 -1.15521689
0.73717146 -1.14762499
0.73842303 -1.13979608
0.73967459 -1.13173261
0.74092616 -1.12343719
0.74217772 -1.11491258
0.74342929 -1.10616171
0.74468085 -1.09718765
0.74593242 -1.08799363
0.74718398 -1.07858304
0.74843554 -1.06895943
0.74968711 -1.05912650
0.75093867 -1.04908812
0.75219024 -1.03884833
0.75344180 -1.02841131
0.75469337 -1.01778141
0.75594493 -1.00696316
0.75719650 -0.99596122
0.75844806 -0.98478044
0.75969962 -0.97342583
0.76095119 -0.96190254
0.76220275 -0.95021593
0.76345432 -0.93837147
0.76470588 -0.92637484
0.76595745 -0.91423185
0.76720901 -0.90194849
0.76846058 -0.88953091
0.76971214 -0.87698542
0.77096370 -0.86431850
0.77221527 -0.85153678
0.77346683 -0.83864705
0.77471840 -0.82565627
0.77596996 -0.81257154
0.77722153 -0.79940015
0.77847309 -0.78614951
0.77972466 -0.77282721
0.78097622 -0.75944097
0.78222778 -0.74599868
0.78347935 -0.73250838
0.78473091 -0.71897825
0.78598248 -0.70541661
0.78723404 -0.69183194
0.78848561 -0.67823286
0.78973717 -0.66462811
0.79098874 -0.65102659
0.79224030 -0.63743732
0.79349186 -0.62386946
0.79474343 -0.61033229
0.79599499 -0.59683522
0.79724656 -0.58338778
0.79849812 -0.56999963
0.79974969 -0.55668052
0.80100125 -0.54344034
0.80225282 -0.53028906
0.80350438 -0.51723679
0.80475594 -0.50429369
0.80600751 -0.49147007
0.80725907 -0.47877628
0.80851064 -0.46622279
0.80976220 -0.45382013
0.81101377 -0.44157892
0.81226533 -0.42950985
0.81351690 -0.41762366
0.81476846 -0.40593116
0.81602003 -0.39444321
0.81727159 -0.38317072
0.81852315 -0.37212464
0.81977472 -0.36131595
0.82102628 -0.35075567
0.82227785 -0.34045483
0.82352941 -0.33042446
0.82478098 -0.32067563
0.82603254 -0.31121939
0.82728411 -0.30206677
0.82853567 -0.29322880
0.82978723 -0.28471649
0.83103880 -0.27654078
0.83229036 -0.26871262
0.83354193 -0.26124286
0.83479349 -0.25414233
0.83604506 -0.24742175
0.83729662 -0.24109179
0.83854819 -0.23516302
0.83979975 -0.22964591
0.84105131 -0.22455082
0.84230288 -0.21988798
0.84355444 -0.21566751
0.84480601 -0.21189936
0.84605757 -0.20859333
0.84730914 -0.20575907
0.84856070 -0.20340604
0.84981227 -0.20154350
0.85106383 -0.20018051
0.85231539 -0.19932592
0.85356696 -0.19898833
0.85481852 -0.19917613
0.85607009 -0.19989741
0.85732165 -0.20116002
0.85857322 -0.20297150
0.85982478 -0.20533909
0.86107635 -0.20826972
0.86232791 -0.21176999
0.86357947 -0.21584613
0.86483104 -0.22050403
0.86608260 -0.22574918
0.86733417 -0.23158668
0.86858573 -0.23802120
0.86983730 -0.24505699
0.87108886 -0.25269783
0.87234043 -0.26094706
0.87359199 -0.26980749
0.87484355 -0.27928146
0.87609512 -0.28937074
0.87734668 -0.30007659
0.87859825 -0.31139968
0.87984981 -0.32334010
0.88110138 -0.33589731
0.88235294 -0.34907017
0.88360451 -0.36285685
0.88485607 -0.37725488
0.88610763 -0.39226105
0.88735920 -0.40787147
0.88861076 -0.42408147
0.88986233 -0.44088563
0.89111389 -0.45827772
0.89236546 -0.47625070
0.89361702 -0.49479669
0.89486859 -0.51390692
0.89612015 -0.53357175
0.89737171 -0.55378060
0.89862328 -0.57452192
0.89987484 -0.59578323
0.90112641 -0.61755099
0.90237797 -0.63981065
0.90362954 -0.66254661
0.90488110 -0.68574215
0.90613267 -0.70937942
0.90738423 -0.73343945
0.90863579 -0.75790206
0.90988736 -0.78274584
0.91113892 -0.80794815
0.91239049 -0.83348506
0.91364205 -0.85933133
0.91489362 -0.88546036
0.91614518 -0.91184417
0.91739675 -0.93845335
0.91864831 -0.96525706
0.91989987 -0.99222295
0.92115144 -1.01931715
0.92240300 -1.04650422
0.92365457 -1.07374711
0.92490613 -1.10100715
0.92615770 -1.12824398
0.92740926 -1.15541552
0.92866083 -1.18247792
0.92991239 -1.20938556
0.93116395 -1.23609096
0.93241552 -1.26254475
0.93366708 -1.28869564
0.93491865 -1.31449038
0.93617021 -1.33987369
0.93742178 -1.36478826
0.93867334 -1.38917465
0.93992491 -1.41297129
0.94117647 -1.43611441
0.94242804 -1.45853799
0.94367960 -1.48017373
0.94493116 -1.50095100
0.94618273 -1.52079675
0.94743429 -1.53963554
0.94868586 -1.55738941
0.94993742 -1.57397786
0.95118899 -1.58931783
0.95244055 -1.60332357
0.95369212 -1.61590668
0.95494368 -1.62697598
0.95619524 -1.63643748
0.95744681 -1.64419436
0.95869837 -1.65014685
0.95994994 -1.65419221
0.96120150 -1.65622469
0.96245307 -1.65613542
0.96370463 -1.65381238
0.96495620 -1.64914037
0.96620776 -1.64200087
0.96745932 -1.63227207
0.96871089 -1.61982873
0.96996245 -1.60454217
0.97121402 -1.58628016
0.97246558 -1.56490690
0.97371715 -1.54028294
0.97496871 -1.51226508
0.97622028 -1.48070634
0.97747184 -1.44545589
0.97872340 -1.40635896
0.97997497 -1.36325678
0.98122653 -1.31598651
0.98247810 -1.26438117
0.98372966 -1.20826956
0.98498123 -1.14747619
0.98623279 -1.08182121
0.98748436 -1.01112031
0.98873592 -0.93518469
0.98998748 -0.85382093
0.99123905 -0.76683095
0.99249061 -0.67401192
0.99374218 -0.57515615
0.99499374 -0.47005107
0.99624531 -0.35847907
0.99749687 -0.24021751
0.99874844 -0.11503853
1.00000000 0.01729094
