0.00000000 -0.02793015
0.00125156 -0.02793015
0.00250313 -0.02793015
0.00375469 -0.02793015
0.00500626 -0.02793015
0.00625782 -0.02793015
0.00750939 -0.02793015
0.00876095 -0.02793015
0.01001252 -0.02793015
0.01126408 -0.02793015
0.01251564 -0.02793015
0.01376721 -0.02793015
0.01501877 -0.02793015
0.01627034 -0.02793015
0.01752190 -0.02793015
0.01877347 -0.02793015
0.02002503 -0.02793015
0.02127660 -0.02793015
0.02252816 -0.02793015
0.02377972 -0.02793015
0.02503129 -0.02793015
0.02628285 -0.02793015
0.02753442 -0.02793015
0.02878598 -0.02793015
0.03003755 -0.02793015
0.03128911 -0.02793015
0.03254068 -0.02793015
0.03379224 -0.02793015
0.03504380 -0.02793015
0.03629537 -0.02793015
0.03754693 -0.02793015
0.03879850 -0.02793015
0.04005006 -0.02793015
0.04130163 -0.02793015
0.04255319 -0.02793015
0.04380476 -0.02793015
0.04505632 -0.02793015
0.04630788 -0.02793015
0.04755945 -0.02793015
0.04881101 -0.02793015
0.05006258 -0.02793015
0.05131414 -0.02793015
0.05256571 -0.02793015
0.05381727 -0.02793015
0.05506884 -0.02793015
0.05632040 -0.02793015
0.05757196 -0.02793015
0.05882353 -0.02793015
0.06007509 -0.02793015
0.06132666 -0.02793015
0.06257822 -0.02793015
0.06382979 -0.02793015
0.06508135 -0.02793015
0.06633292 -0.02793015
0.06758448 -0.02793015
0.06883605 -0.02793015
0.07008761 -0.02793015
0.07133917 -0.02793015
0.07259074 -0.02793015
0.07384230 -0.02793015
0.07509387 -0.02793015
0.07634543 -0.02793015
0.07759700 -0.02793015
0.07884856 -0.02793015
0.08010013 -0.02793015
0.08135169 -0.02793015
0.08260325 -0.02793015
0.08385482 -0.02793015
0.08510638 -0.02793015
0.08635795 -0.02793015
0.08760951 -0.02793015
0.08886108 -0.02793015
0.09011264 -0.02793015
0.09136421 -0.02793015
0.09261577 -0.02793015
0.09386733 -0.02793015
0.09511890 -0.02793015
0.09637046 -0.02793015
0.09762203 -0.02793015
0.09887359 -0.02793015
0.10012516 -0.02793015
0.10137672 -0.02793015
0.10262829 -0.02793015
0.10387985 -0.02793015
0.10513141 -0.02793015
0.10638298 -0.02793015
0.10763454 -0.02793015
0.10888611 -0.02793015
0.11013767 -0.02793015
0.11138924 -0.02793015
0.11264080 -0.02793015
0.11389237 -0.02793015
0.11514393 -0.02793015
0.11639549 -0.02793015
0.11764706 -0.02793015
0.11889862 -0.02793015
0.12015019 -0.02793015
0.12140175 -0.02793015
0.12265332 -0.02793015
0.12390488 -0.02793015
0.12515645 -0.02793015
0.12640801 -0.02793015
0.12765957 -0.02793015
0.12891114 -0.02793015
0.13016270 -0.02793015
0.13141427 -0.02793015
0.13266583 -0.02793015
0.13391740 -0.02793015
0.13516896 -0.02793015
0.13642053 -0.02793015
0.13767209 -0.02793015
0.13892365 -0.02793015
0.14017522 -0.02793015
0.14142678 -0.02793015
0.14267835 -0.02793015
0.14392991 -0.02793015
0.14518148 -0.02793015
0.14643304 -0.02793015
0.14768461 -0.02793015
0.14893617 -0.02793015
0.15018773 -0.02793015
0.15143930 -0.02793015
0.15269086 -0.02793015
0.15394243 -0.02793015
0.15519399 -0.02793015
0.15644556 -0.02793015
0.15769712 -0.02793015
0.15894869 -0.02793015
0.16020025 -0.02793015
0.16145181 -0.02793015
0.16270338 -0.02793015
0.16395494 -0.02793015
0.16520651 -0.02793015
0.16645807 -0.02793015
0.16770964 -0.02793015
0.16896120 -0.02793015
0.17021277 -0.02793015
0.17146433 -0.02793015
0.17271589 -0.02793015
0.17396746 -0.02793015
0.17521902 -0.02793015
0.17647059 -0.02793015
0.17772215 -0.02793015
0.17897372 -0.02793015
0.18022528 -0.02793015
0.18147685 -0.02793015
0.18272841 -0.02793015
0.18397997 -0.02793015
0.18523154 -0.02793015
0.18648310 -0.02793015
0.18773467 -0.02793015
0.18898623 -0.02793015
0.19023780 -0.02793015
0.19148936 -0.02793015
0.19274093 -0.02793015
0.19399249 -0.02793015
0.19524406 -0.02793015
0.19649562 -0.02793015
0.19774718 -0.02793015
0.19899875 -0.02793015
0.20025031 -0.02793015
0.20150188 -0.02793015
0.20275344 -0.02793015
0.20400501 -0.02793015
0.20525657 -0.02793015
0.20650814 -0.02793015
0.20775970 -0.02793015
0.20901126 -0.02793015
0.21026283 -0.02793015
0.21151439 -0.02793015
0.21276596 -0.02793015
0.21401752 -0.02793015
0.21526909 -0.02793015
0.21652065 -0.02793015
0.21777222 -0.02793015
0.21902378 -0.02793015
0.22027534 -0.02793015
0.22152691 -0.02793015
0.22277847 -0.02793015
0.22403004 -0.02793015
0.22528160 -0.02793015
0.22653317 -0.02793015
0.22778473 -0.02793015
0.22903630 -0.02793015
0.23028786 -0.02793015
0.23153942 -0.02793015
0.23279099 -0.02793015
0.23404255 -0.02793015
0.23529412 -0.02793015
0.23654568 -0.02793015
0.23779725 -0.02793015
0.23904881 -0.02793015
0.24030038 -0.02793015
0.24155194 -0.02793015
0.24280350 -0.02793015
0.24405507 -0.02793015
0.24530663 -0.02793015
0.24655820 -0.02793015
0.24780976 -0.02793015
0.24906133 -0.02793015
0.25031289 -0.02793015
0.25156446 -0.02793015
0.25281602 -0.02793015
0.25406758 -0.02793015
0.25531915 -0.02793015
0.25657071 -0.02793015
0.25782228 -0.02793015
0.25907384 -0.02793015
0.26032541 -0.02793015
0.26157697 -0.02793015
0.26282854 -0.02793015
0.26408010 -0.02793015
0.26533166 -0.02793015
0.26658323 -0.02793015
0.26783479 -0.02793015
0.26908636 -0.02793015
0.27033792 -0.02793015
0.27158949 -0.02793015
0.27284105 -0.02793015
0.27409262 -0.02793015
0.27534418 -0.02793015
0.27659574 -0.02793015
0.27784731 -0.02793015
0.27909887 -0.02793015
0.28035044 -0.02793015
0.28160200 -0.02793015
0.28285357 -0.02793015
0.28410513 -0.02793015
0.28535670 -0.02793015
0.28660826 -0.02793015
0.28785982 -0.02793015
0.28911139 -0.02793015
0.29036295 -0.02793015
0.29161452 -0.02793015
0.29286608 -0.02793015
0.29411765 -0.02793015
0.29536921 -0.02793015
0.29662078 -0.02793015
0.29787234 -0.02793015
0.29912390 -0.02793015
0.30037547 -0.02793015
0.30162703 -0.02793015
0.30287860 -0.02793015
0.30413016 -0.02793015
0.30538173 -0.02793015
0.30663329 -0.02793015
0.30788486 -0.02793015
0.30913642 -0.02793015
0.31038798 -0.02793015
0.31163955 -0.02793015
0.31289111 -0.02793015
0.31414268 -0.02793015
0.31539424 -0.02793015
0.31664581 -0.02793015
0.31789737 -0.02793015
0.31914894 -0.02793015
0.32040050 -0.02793015
0.32165207 -0.02793015
0.32290363 -0.02793015
0.32415519 -0.02793015
0.32540676 -0.02793015
0.32665832 -0.02793015
0.32790989 -0.02793015
0.32916145 -0.02793015
0.33041302 -0.02793015
0.33166458 -0.02793015
0.33291615 -0.02793015
0.33416771 -0.02793015
0.33541927 -0.02793015
0.33667084 -0.02793015
0.33792240 -0.02793015
0.33917397 -0.02793015
0.34042553 -0.02793015
0.34167710 -0.02793015
0.34292866 -0.02793015
0.34418023 -0.02793015
0.34543179 -0.02793015
0.34668335 -0.02793015
0.34793492 -0.02793015
0.34918648 -0.02793015
0.35043805 -0.02793015
0.35168961 -0.02793015
0.35294118 -0.02793015
0.35419274 -0.02793015
0.35544431 -0.02793015
0.35669587 -0.02793015
0.35794743 -0.02793015
0.35919900 -0.02793015
0.36045056 -0.02793015
0.36170213 -0.02793015
0.36295369 -0.02793015
0.36420526 -0.02793015
0.36545682 -0.02793015
0.36670839 -0.02793015
0.36795995 -0.02793015
0.36921151 -0.02793015
0.37046308 -0.02793015
0.37171464 -0.02793015
0.37296621 -0.02793015
0.37421777 -0.02793015
0.37546934 -0.02793015
0.37672090 -0.02793015
0.37797247 -0.02793015
0.37922403 -0.02793015
0.38047559 -0.02793015
0.38172716 -0.02793015
0.38297872 -0.02793015
0.38423029 -0.02793015
0.38548185 -0.02793015
0.38673342 -0.02793015
0.38798498 -0.02793015
0.38923655 -0.02793015
0.39048811 -0.02793015
0.39173967 -0.02793015
0.39299124 -0.02793015
0.39424280 -0.02793015
0.39549437 -0.02793015
0.39674593 -0.02793015
0.39799750 -0.02793015
0.39924906 -0.02793015
0.40050063 -0.02793015
0.40175219 -0.02793015
0.40300375 -0.02793015
0.40425532 -0.02793015
0.40550688 -0.02793015
0.40675845 -0.02793015
0.40801001 -0.02793015
0.40926158 -0.02793015
0.41051314 -0.02793015
0.41176471 -0.02793015
0.41301627 -0.02793015
0.41426783 -0.02793015
0.41551940 -0.02793015
0.41677096 -0.02793015
0.41802253 -0.02793015
0.41927409 -0.02793015
0.42052566 -0.02793015
0.42177722 -0.02793015
0.42302879 -0.02793015
0.42428035 -0.02793015
0.42553191 -0.02793015
0.42678348 -0.02793015
0.42803504 -0.02793015
0.42928661 -0.02793015
0.43053817 -0.02793015
0.43178974 -0.02793015
0.43304130 -0.02793015
0.43429287 -0.02793015
0.43554443 -0.02793015
0.43679599 -0.02793015
0.43804756 -0.02793015
0.43929912 -0.02793015
0.44055069 -0.02793015
0.44180225 -0.02793015
0.44305382 -0.02793015
0.44430538 -0.02793015
0.44555695 -0.02793015
0.44680851 -0.02793015
0.44806008 -0.02793015
0.44931164 -0.02793015
0.45056320 -0.02793015
0.45181477 -0.02793015
0.45306633 -0.02793015
0.45431790 -0.02793015
0.45556946 -0.02793015
0.45682103 -0.02793015
0.45807259 -0.02793015
0.45932416 -0.02793015
0.46057572 -0.02793015
0.46182728 -0.02793015
0.46307885 -0.02793015
0.46433041 -0.02793015
0.46558198 -0.02793015
0.46683354 -0.02793015
0.46808511 -0.02793015
0.46933667 -0.02793015
0.47058824 -0.02793015
0.47183980 -0.02793015
0.47309136 -0.02793015
0.47434293 -0.02793015
0.47559449 -0.02793015
0.47684606 -0.02793015
0.47809762 -0.02793015
0.47934919 -0.02793015
0.48060075 -0.02793015
0.48185232 -0.02793015
0.48310388 -0.02793015
0.48435544 -0.02793015
0.48560701 -0.02793015
0.48685857 -0.02793015
0.48811014 -0.02793015
0.48936170 -0.02793015
0.49061327 -0.02793015
0.49186483 -0.02793015
0.49311640 -0.02793015
0.49436796 -0.02793015
0.49561952 -0.02793015
0.49687109 -0.02793015
0.49812265 -0.02793015
0.49937422 -0.02793015
0.50062578 -0.02793015
0.50187735 -0.02793015
0.50312891 -0.02793015
0.50438048 -0.02793015
0.50563204 -0.02793015
0.50688360 -0.02793015
0.50813517 -0.02793015
0.50938673 -0.02793015
0.51063830 -0.02793015
0.51188986 -0.02793015
0.51314143 -0.02793015
0.51439299 -0.02793015
0.51564456 -0.02793015
0.51689612 -0.02793015
0.51814768 -0.02793015
0.51939925 -0.02793015
0.52065081 -0.02793015
0.52190238 -0.02793015
0.52315394 -0.02793015
0.52440551 -0.02793015
0.52565707 -0.02793015
0.52690864 -0.02793015
0.52816020 -0.02793015
0.52941176 -0.02793015
0.53066333 -0.02793015
0.53191489 -0.02793015
0.53316646 -0.02793015
0.53441802 -0.02793015
0.53566959 -0.02793015
0.53692115 -0.02793015
0.53817272 -0.02793015
0.53942428 -0.02793015
0.54067584 -0.02793015
0.54192741 -0.02793015
0.54317897 -0.02793015
0.54443054 -0.02793015
0.54568210 -0.02793015
0.54693367 -0.02793015
0.54818523 -0.02793015
0.54943680 -0.02793015
0.55068836 -0.02793015
0.55193992 -0.02793015
0.55319149 -0.02793015
0.55444305 -0.02793015
0.55569462 -0.02793015
0.55694618 -0.02793015
0.55819775 -0.02793015
0.55944931 -0.02793015
0.56070088 -0.02793015
0.56195244 -0.02793015
0.56320401 -0.02793015
0.56445557 -0.02793015
0.56570713 -0.02793015
0.56695870 -0.02793015
0.56821026 -0.02793015
0.56946183 -0.02793015
0.57071339 -0.02793015
0.57196496 -0.02793015
0.57321652 -0.02793015
0.57446809 -0.02793015
0.57571965 -0.02793015
0.57697121 -0.02793015
0.57822278 -0.02793015
0.57947434 -0.02793015
0.58072591 -0.02793015
0.58197747 -0.02793015
0.58322904 -0.02793015
0.58448060 -0.02793015
0.58573217 -0.02793015
0.58698373 -0.02793015
0.58823529 -0.02793015
0.58948686 -0.02793015
0.59073842 -0.02793015
0.59198999 -0.02793015
0.59324155 -0.02793015
0.59449312 -0.02793015
0.59574468 -0.02793015
0.59699625 -0.02793015
0.59824781 -0.02793015
0.59949937 -0.02793015
0.60075094 -0.02793015
0.60200250 -0.02793015
0.60325407 -0.02793015
0.60450563 -0.02793015
0.60575720 -0.02793015
0.60700876 -0.02793015
0.60826033 -0.02793015
0.60951189 -0.02793015
0.61076345 -0.02793015
0.61201502 -0.02793015
0.61326658 -0.02793015
0.61451815 -0.02793015
0.61576971 -0.02793015
0.61702128 -0.02793015
0.61827284 -0.02793015
0.61952441 -0.02793015
0.62077597 -0.02793015
0.62202753 -0.02793015
0.62327910 -0.02793015
0.62453066 -0.02793015
0.62578223 -0.02793015
0.62703379 -0.02793015
0.62828536 -0.02793015
0.62953692 -0.02793015
0.63078849 -0.02793015
0.63204005 -0.02793015
0.63329161 -0.02793015
0.63454318 -0.02793015
0.63579474 -0.02793015
0.63704631 -0.02793015
0.63829787 -0.02793015
0.63954944 -0.02793015
0.64080100 -0.02793015
0.64205257 -0.02793015
0.64330413 -0.02793015
0.64455569 -0.02793015
0.64580726 -0.02793015
0.64705882 -0.02793015
0.64831039 -0.02793015
0.64956195 -0.02793015
0.65081352 -0.02793015
0.65206508 -0.02793015
0.65331665 -0.02793015
0.65456821 -0.02793015
0.65581977 -0.02793015
0.65707134 -0.02793015
0.65832290 -0.02793015
0.65957447 -0.02793015
0.66082603 -0.02793015
0.66207760 -0.02793015
0.66332916 -0.02793015
0.66458073 -0.02793015
0.66583229 -0.02793015
0.66708385 -0.02793015
0.66833542 -0.02793015
0.66958698 -0.02793015
0.67083855 -0.02793015
0.67209011 -0.02793015
0.67334168 -0.02793015
0.67459324 -0.02793015
0.67584481 -0.02793015
0.67709637 -0.02793015
0.67834793 -0.02793015
0.67959950 -0.02793015
0.68085106 -0.02793015
0.68210263 -0.02793015
0.68335419 -0.02793015
0.68460576 -0.02793015
0.68585732 -0.02793015
0.68710889 -0.02793015
0.68836045 -0.02793015
0.68961202 -0.02793015
0.69086358 -0.02793015
0.69211514 -0.02793015
0.69336671 -0.02793015
0.69461827 -0.02793015
0.69586984 -0.02793015
0.69712140 -0.02793015
0.69837297 -0.02793015
0.69962453 -0.02793015
0.70087610 -0.02793015
0.70212766 -0.02793015
0.70337922 -0.02793015
0.70463079 -0.02793015
0.70588235 -0.02793015
0.70713392 -0.02793015
0.70838548 -0.02793015
0.70963705 -0.02793015
0.71088861 -0.02793015
0.71214018 -0.02793015
0.71339174 -0.02793015
0.71464330 -0.02793015
0.71589487 -0.02793015
0.71714643 -0.02793015
0.71839800 -0.02793015
0.71964956 -0.02793015
0.72090113 -0.02793015
0.72215269 -0.02793015
0.72340426 -0.02793015
0.72465582 -0.02793015
0.72590738 -0.02793015
0.72715895 -0.02793015
0.72841051 -0.02793015
0.72966208 -0.02793015
0.73091364 -0.02793015
0.73216521 -0.02793015
0.73341677 -0.02793015
0.73466834 -0.02793015
0.73591990 -0.02793015
0.73717146 -0.02793015
0.73842303 -0.02793015
0.73967459 -0.02793015
0.74092616 -0.02793015
0.74217772 -0.02793015
0.74342929 -0.02793015
0.74468085 -0.02793015
0.74593242 -0.02793015
0.74718398 -0.02793015
0.74843554 -0.02793015
0.74968711 -0.02793015
0.75093867 -0.02793015
0.75219024 -0.02793015
0.75344180 -0.02793015
0.75469337 -0.02793015
0.75594493 -0.02793015
0.75719650 -0.02793015
0.75844806 -0.02793015
0.75969962 -0.02793015
0.76095119 -0.02793015
0.76220275 -0.02793015
0.76345432 -0.02793015
0.76470588 -0.02793015
0.76595745 -0.02793015
0.76720901 -0.02793015
0.76846058 -0.02793015
0.76971214 -0.02793015
0.77096370 -0.02793015
0.77221527 -0.02793015
0.77346683 -0.02793015
0.77471840 -0.02793015
0.77596996 -0.02793015
0.77722153 -0.02793015
0.77847309 -0.02793015
0.77972466 -0.02793015
0.78097622 -0.02793015
0.78222778 -0.02793015
0.78347935 -0.02793015
0.78473091 -0.02793015
0.78598248 -0.02793015
0.78723404 -0.02793015
0.78848561 -0.02793015
0.78973717 -0.02793015
0.79098874 -0.02793015
0.79224030 -0.02793015
0.79349186 -0.02793015
0.79474343 -0.02793015
0.79599499 -0.02793015
0.79724656 -0.02793015
0.79849812 -0.02793015
0.79974969 -0.02793015
0.80100125 -0.02793015
0.80225282 -0.02793015
0.80350438 -0.02793015
0.80475594 -0.02793015
0.80600751 -0.02793015
0.80725907 -0.02793015
0.80851064 -0.02793015
0.80976220 -0.02793015
0.81101377 -0.02793015
0.81226533 -0.02793015
0.81351690 -0.02793015
0.81476846 -0.02793015
0.81602003 -0.02793015
0.81727159 -0.02793015
0.81852315 -0.02793015
0.81977472 -0.02793015
0.82102628 -0.02793015
0.82227785 -0.02793015
0.82352941 -0.02793015
0.82478098 -0.02793015
0.82603254 -0.02793015
0.82728411 -0.02793015
0.82853567 -0.02793015
0.82978723 -0.02793015
0.83103880 -0.02793015
0.83229036 -0.02793015
0.83354193 -0.02793015
0.83479349 -0.02793015
0.83604506 -0.02793015
0.83729662 -0.02793015
0.83854819 -0.02793015
0.83979975 -0.02793015
0.84105131 -0.02793015
0.84230288 -0.02793015
0.84355444 -0.02793015
0.84480601 -0.02793015
0.84605757 -0.02793015
0.84730914 -0.02793015
0.84856070 -0.02793015
0.84981227 -0.02793015
0.85106383 -0.02793015
0.85231539 -0.02793015
0.85356696 -0.02793015
0.85481852 -0.02793015
0.85607009 -0.02793015
0.85732165 -0.02793015
0.85857322 -0.02793015
0.85982478 -0.02793015
0.86107635 -0.02793015
0.86232791 -0.02793015
0.86357947 -0.02793015
0.86483104 -0.02793015
0.86608260 -0.02793015
0.86733417 -0.02793015
0.86858573 -0.02793015
0.86983730 -0.02793015
0.87108886 -0.02793015
0.87234043 -0.02793015
0.87359199 -0.02793015
0.87484355 -0.02793015
0.87609512 -0.02793015
0.87734668 -0.02793015
0.87859825 -0.02793015
0.87984981 -0.02793015
0.88110138 -0.02793015
0.88235294 -0.02793015
0.88360451 -0.02793015
0.88485607 -0.02793015
0.88610763 -0.02793015
0.88735920 -0.02793015
0.88861076 -0.02793015
0.88986233 -0.02793015
0.89111389 -0.02793015
0.89236546 -0.02793015
0.89361702 -0.02793015
0.89486859 -0.02793015
0.89612015 -0.02793015
0.89737171 -0.02793015
0.89862328 -0.02793015
0.89987484 -0.02793015
0.90112641 -0.02793015
0.90237797 -0.02793015
0.90362954 -0.02793015
0.90488110 -0.02793015
0.90613267 -0.02793015
0.90738423 -0.02793015
0.90863579 -0.02793015
0.90988736 -0.02793015
0.91113892 -0.02793015
0.91239049 -0.02793015
0.91364205 -0.02793015
0.91489362 -0.02793015
0.91614518 -0.02793015
0.91739675 -0.02793015
0.91864831 -0.02793015
0.91989987 -0.02793015
0.92115144 -0.02793015
0.92240300 -0.02793015
0.92365457 -0.02793015
0.92490613 -0.02793015
0.92615770 -0.02793015
0.92740926 -0.02793015
0.92866083 -0.02793015
0.92991239 -0.02793015
0.93116395 -0.02793015
0.93241552 -0.02793015
0.93366708 -0.02793015
0.93491865 -0.02793015
0.93617021 -0.02793015
0.93742178 -0.02793015
0.93867334 -0.02793015
0.93992491 -0.02793015
0.94117647 -0.02793015
0.94242804 -0.02793015
0.94367960 -0.02793015
0.94493116 -0.02793015
0.94618273 -0.02793015
0.94743429 -0.02793015
0.94868586 -0.02793015
0.94993742 -0.02793015
0.95118899 -0.02793015
0.95244055 -0.02793015
0.95369212 -0.02793015
0.95494368 -0.02793015
0.95619524 -0.02793015
0.95744681 -0.02793015
0.95869837 -0.02793015
0.95994994 -0.02793015
0.96120150 -0.02793015
0.96245307 -0.02793015
0.96370463 -0.02793015
0.96495620 -0.02793015
0.96620776 -0.02793015
0.96745932 -0.02793015
0.96871089 -0.02793015
0.96996245 -0.02793015
0.97121402 -0.02793015
0.97246558 -0.02793015
0.97371715 -0.02793015
0.97496871 -0.02793015
0.97622028 -0.02793015
0.97747184 -0.02793015
0.97872340 -0.02793015
0.97997497 -0.02793015
0.98122653 -0.02793015
0.98247810 -0.02793015
0.98372966 -0.02793015
0.98498123 -0.02793015
0.98623279 -0.02793015
0.98748436 -0.02793015
0.98873592 -0.02793015
0.98998748 -0.02793015
0.99123905 -0.02793015
0.99249061 -0.02793015
0.99374218 -0.02793015
0.99499374 -0.02793015
0.99624531 -0.02793015
0.99749687 -0.02793015
0.99874844 -0.02793015
1.00000000 -0.02793015
