0.00000000 0.54613848
0.00125156 0.54470151
0.00250313 0.54326454
0.00375469 0.54182758
0.00500626 0.54039061
0.00625782 0.53895364
0.00750939 0.53751667
0.00876095 0.53607971
0.01001252 0.53464274
0.01126408 0.53320577
0.01251564 0.53176880
0.01376721 0.53033183
0.01501877 0.52889487
0.01627034 0.52745790
0.01752190 0.52602093
0.01877347 0.52458396
0.02002503 0.52314700
0.02127660 0.52171003
0.02252816 0.52027306
0.02377972 0.51883609
0.02503129 0.51739912
0.02628285 0.51596216
0.02753442 0.51452519
0.02878598 0.51308822
0.03003755 0.51165125
0.03128911 0.51021429
0.03254068 0.50877732
0.03379224 0.50734035
0.03504380 0.50590338
0.03629537 0.50446641
0.03754693 0.50302945
0.03879850 0.50159248
0.04005006 0.50015551
0.04130163 0.49871854
0.04255319 0.49728158
0.04380476 0.49584461
0.04505632 0.49440764
0.04630788 0.49297067
0.04755945 0.49153370
0.04881101 0.49009674
0.05006258 0.48865977
0.05131414 0.48722280
0.05256571 0.48578583
0.05381727 0.48434887
0.05506884 0.48291190
0.05632040 0.48147493
0.05757196 0.48003796
0.05882353 0.47860099
0.06007509 0.47716403
0.06132666 0.47572706
0.06257822 0.47429009
0.06382979 0.47285312
0.06508135 0.47141616
0.06633292 0.46997919
0.06758448 0.46854222
0.06883605 0.46710525
0.07008761 0.46566828
0.07133917 0.46423132
0.07259074 0.46279435
0.07384230 0.46135738
0.07509387 0.45992041
0.07634543 0.45848345
0.07759700 0.45704648
0.07884856 0.45560951
0.08010013 0.45417254
0.08135169 0.45273557
0.08260325 0.45129861
0.08385482 0.44986164
0.08510638 0.44842467
0.08635795 0.44698770
0.08760951 0.44555074
0.08886108 0.44411377
0.09011264 0.44267680
0.09136421 0.44123983
0.09261577 0.43980286
0.09386733 0.43836590
0.09511890 0.43692893
0.09637046 0.43549196
0.09762203 0.43405499
0.09887359 0.43261803
0.10012516 0.43118106
0.10137672 0.42974409
0.10262829 0.42830712
0.10387985 0.42687015
0.10513141 0.42543319
0.10638298 0.42399622
0.10763454 0.42255925
0.10888611 0.42112228
0.11013767 0.41968532
0.11138924 0.41824835
0.11264080 0.41681138
0.11389237 0.41537441
0.11514393 0.41393744
0.11639549 0.41250048
0.11764706 0.41106351
0.11889862 0.40962654
0.12015019 0.40818957
0.12140175 0.40675261
0.12265332 0.40531564
0.12390488 0.40387867
0.12515645 0.40244170
0.12640801 0.40100473
0.12765957 0.39956777
0.12891114 0.39813080
0.13016270 0.39669383
0.13141427 0.39525686
0.13266583 0.39381990
0.13391740 0.39238293
0.13516896 0.39094596
0.13642053 0.38950899
0.13767209 0.38807202
0.13892365 0.38663506
0.14017522 0.38519809
0.14142678 0.38376112
0.14267835 0.38232415
0.14392991 0.38088719
0.14518148 0.37945022
0.14643304 0.37801325
0.14768461 0.37657628
0.14893617 0.37513931
0.15018773 0.37370235
0.15143930 0.37226538
0.15269086 0.37082841
0.15394243 0.36939144
0.15519399 0.36795448
0.15644556 0.36651751
0.15769712 0.36508054
0.15894869 0.36364357
0.16020025 0.36220660
0.16145181 0.36076964
0.16270338 0.35933267
0.16395494 0.35789570
0.16520651 0.35645873
0.16645807 0.35502177
0.16770964 0.35358480
0.16896120 0.35214783
0.17021277 0.35071086
0.17146433 0.34927389
0.17271589 0.34783693
0.17396746 0.34639996
0.17521902 0.34496299
0.17647059 0.34352602
0.17772215 0.34208906
0.17897372 0.34065209
0.18022528 0.33921512
0.18147685 0.33777815
0.18272841 0.33634118
0.18397997 0.33490422
0.18523154 0.33346725
0.18648310 0.33203028
0.18773467 0.33059331
0.18898623 0.32915635
0.19023780 0.32771938
0.19148936 0.32628241
0.19274093 0.32484544
0.19399249 0.32340847
0.19524406 0.32197151
0.19649562 0.32053454
0.19774718 0.31909757
0.19899875 0.31766060
0.20025031 0.31622364
0.20150188 0.31478667
0.20275344 0.31334970
0.20400501 0.31191273
0.20525657 0.31047576
0.20650814 0.30903880
0.20775970 0.30760183
0.20901126 0.30616486
0.21026283 0.30472789
0.21151439 0.30329093
0.21276596 0.30185396
0.21401752 0.30041699
0.21526909 0.29898002
0.21652065 0.29754305
0.21777222 0.29610609
0.21902378 0.29466912
0.22027534 0.29323215
0.22152691 0.29179518
0.22277847 0.29035822
0.22403004 0.28892125
0.22528160 0.28748428
0.22653317 0.28604731
0.22778473 0.28461034
0.22903630 0.28317338
0.23028786 0.28173641
0.23153942 0.28029944
0.23279099 0.27886247
0.23404255 0.27742551
0.23529412 0.27598854
0.23654568 0.27455157
0.23779725 0.27311460
0.23904881 0.27167763
0.24030038 0.27024067
0.24155194 0.26880370
0.24280350 0.26736673
0.24405507 0.26592976
0.24530663 0.26449280
0.24655820 0.26305583
0.24780976 0.26161886
0.24906133 0.26018189
0.25031289 0.25874492
0.25156446 0.25730796
0.25281602 0.25587099
0.25406758 0.25443402
0.25531915 0.25299705
0.25657071 0.25156009
0.25782228 0.25012312
0.25907384 0.24868615
0.26032541 0.24724918
0.26157697 0.24581221
0.26282854 0.24437525
0.26408010 0.24293828
0.26533166 0.24150131
0.26658323 0.24006434
0.26783479 0.23862738
0.26908636 0.23719041
0.27033792 0.23575344
0.27158949 0.23431647
0.27284105 0.23287950
0.27409262 0.23144254
0.27534418 0.23000557
0.27659574 0.22856860
0.27784731 0.22713163
0.27909887 0.22569467
0.28035044 0.22425770
0.28160200 0.22282073
0.28285357 0.22138376
0.28410513 0.21994679
0.28535670 0.21850983
0.28660826 0.21707286
0.28785982 0.21563589
0.28911139 0.21419892
0.29036295 0.21276196
0.29161452 0.21132499
0.29286608 0.20988802
0.29411765 0.20845105
0.29536921 0.20701408
0.29662078 0.20557712
0.29787234 0.20414015
0.29912390 0.20270318
0.30037547 0.20126621
0.30162703 0.19982925
0.30287860 0.19839228
0.30413016 0.19695531
0.30538173 0.19551834
0.30663329 0.19408137
0.30788486 0.19264441
0.30913642 0.19120744
0.31038798 0.18977047
0.31163955 0.18833350
0.31289111 0.18689654
0.31414268 0.18545957
0.31539424 0.18402260
0.31664581 0.18258563
0.31789737 0.18114866
0.31914894 0.17971170
0.32040050 0.17827473
0.32165207 0.17683776
0.32290363 0.17540079
0.32415519 0.17396383
0.32540676 0.17252686
0.32665832 0.17108989
0.32790989 0.16965292
0.32916145 0.16821595
0.33041302 0.16677899
0.33166458 0.16534202
0.33291615 0.16390505
0.33416771 0.16246808
0.33541927 0.16103112
0.33667084 0.15959415
0.33792240 0.15815718
0.33917397 0.15672021
0.34042553 0.15528324
0.34167710 0.15384628
0.34292866 0.15240931
0.34418023 0.15097234
0.34543179 0.14953537
0.34668335 0.14809841
0.34793492 0.14666144
0.34918648 0.14522447
0.35043805 0.14378750
0.35168961 0.14235053
0.35294118 0.14091357
0.35419274 0.13947660
0.35544431 0.13803963
0.35669587 0.13660266
0.35794743 0.13516570
0.35919900 0.13372873
0.36045056 0.13229176
0.36170213 0.13085479
0.36295369 0.12941782
0.36420526 0.12798086
0.36545682 0.12654389
0.36670839 0.12510692
0.36795995 0.12366995
0.36921151 0.12223299
0.37046308 0.12079602
0.37171464 0.11935905
0.37296621 0.11792208
0.37421777 0.11648511
0.37546934 0.11504815
0.37672090 0.11361118
0.37797247 0.11217421
0.37922403 0.11073724
0.38047559 0.10930028
0.38172716 0.10786331
0.38297872 0.10642634
0.38423029 0.10498937
0.38548185 0.10355240
0.38673342 0.10211544
0.38798498 0.10067847
0.38923655 0.09924150
0.39048811 0.09780453
0.39173967 0.09636757
0.39299124 0.09493060
0.39424280 0.09349363
0.39549437 0.09205666
0.39674593 0.09061969
0.39799750 0.08918273
0.39924906 0.08774576
0.40050063 0.08630879
0.40175219 0.08487182
0.40300375 0.08343486
0.40425532 0.08199789
0.40550688 0.08056092
0.40675845 0.07912395
0.40801001 0.07768698
0.40926158 0.07625002
0.41051314 0.07481305
0.41176471 0.07337608
0.41301627 0.07193911
0.41426783 0.07050215
0.41551940 0.06906518
0.41677096 0.06762821
0.41802253 0.06619124
0.41927409 0.06475427
0.42052566 0.06331731
0.42177722 0.06188034
0.42302879 0.06044337
0.42428035 0.05900640
0.42553191 0.05756944
0.42678348 0.05613247
0.42803504 0.05469550
0.42928661 0.05325853
0.43053817 0.05182156
0.43178974 0.05038460
0.43304130 0.04894763
0.43429287 0.04751066
0.43554443 0.04607369
0.43679599 0.04463673
0.43804756 0.04319976
0.43929912 0.04176279
0.44055069 0.04032582
0.44180225 0.03888885
0.44305382 0.03745189
0.44430538 0.03601492
0.44555695 0.03457795
0.44680851 0.03314098
0.44806008 0.03170402
0.44931164 0.03026705
0.45056320 0.02883008
0.45181477 0.02739311
0.45306633 0.02595614
0.45431790 0.02451918
0.45556946 0.02308221
0.45682103 0.02164524
0.45807259 0.02020827
0.45932416 0.01877131
0.46057572 0.01733434
0.46182728 0.01589737
0.46307885 0.01446040
0.46433041 0.01302343
0.46558198 0.01158647
0.46683354 0.01014950
0.46808511 0.00871253
0.46933667 0.00727556
0.47058824 0.00583860
0.47183980 0.00440163
0.47309136 0.00296466
0.47434293 0.00152769
0.47559449 0.00009072
0.47684606 -0.00134624
0.47809762 -0.00278321
0.47934919 -0.00422018
0.48060075 -0.00565715
0.48185232 -0.00709411
0.48310388 -0.00853108
0.48435544 -0.00996805
0.48560701 -0.01140502
0.48685857 -0.01284199
0.48811014 -0.01427895
0.48936170 -0.01571592
0.49061327 -0.01715289
0.49186483 -0.01858986
0.49311640 -0.02002682
0.49436796 -0.02146379
0.49561952 -0.02290076
0.49687109 -0.02433773
0.49812265 -0.02577470
0.49937422 -0.02721166
0.50062578 -0.02864863
0.50187735 -0.03008560
0.50312891 -0.03152257
0.50438048 -0.03295953
0.50563204 -0.03439650
0.50688360 -0.03583347
0.50813517 -0.03727044
0.50938673 -0.03870741
0.51063830 -0.04014437
0.51188986 -0.04158134
0.51314143 -0.04301831
0.51439299 -0.04445528
0.51564456 -0.04589224
0.51689612 -0.04732921
0.51814768 -0.04876618
0.51939925 -0.05020315
0.52065081 -0.05164012
0.52190238 -0.05307708
0.52315394 -0.05451405
0.52440551 -0.05595102
0.52565707 -0.05738799
0.52690864 -0.05882495
0.52816020 -0.06026192
0.52941176 -0.06169889
0.53066333 -0.06313586
0.53191489 -0.06457283
0.53316646 -0.06600979
0.53441802 -0.06744676
0.53566959 -0.06888373
0.53692115 -0.07032070
0.53817272 -0.07175766
0.53942428 -0.07319463
0.54067584 -0.07463160
0.54192741 -0.07606857
0.54317897 -0.07750554
0.54443054 -0.07894250
0.54568210 -0.08037947
0.54693367 -0.08181644
0.54818523 -0.08325341
0.54943680 -0.08469037
0.55068836 -0.08612734
0.55193992 -0.08756431
0.55319149 -0.08900128
0.55444305 -0.09043825
0.55569462 -0.09187521
0.55694618 -0.09331218
0.55819775 -0.09474915
0.55944931 -0.09618612
0.56070088 -0.09762308
0.56195244 -0.09906005
0.56320401 -0.10049702
0.56445557 -0.10193399
0.56570713 -0.10337096
0.56695870 -0.10480792
0.56821026 -0.10624489
0.56946183 -0.10768186
0.57071339 -0.10911883
0.57196496 -0.11055579
0.57321652 -0.11199276
0.57446809 -0.11342973
0.57571965 -0.11486670
0.57697121 -0.11630367
0.57822278 -0.11774063
0.57947434 -0.11917760
0.58072591 -0.12061457
0.58197747 -0.12205154
0.58322904 -0.12348850
0.58448060 -0.12492547
0.58573217 -0.12636244
0.58698373 -0.12779941
0.58823529 -0.12923638
0.58948686 -0.13067334
0.59073842 -0.13211031
0.59198999 -0.13354728
0.59324155 -0.13498425
0.59449312 -0.13642121
0.59574468 -0.13785818
0.59699625 -0.13929515
0.59824781 -0.14073212
0.59949937 -0.14216909
0.60075094 -0.14360605
0.60200250 -0.14504302
0.60325407 -0.14647999
0.60450563 -0.14791696
0.60575720 -0.14935392
0.60700876 -0.15079089
0.60826033 -0.15222786
0.60951189 -0.15366483
0.61076345 -0.15510180
0.61201502 -0.15653876
0.61326658 -0.15797573
0.61451815 -0.15941270
0.61576971 -0.16084967
0.61702128 -0.16228663
0.61827284 -0.16372360
0.61952441 -0.16516057
0.62077597 -0.16659754
0.62202753 -0.16803451
0.62327910 -0.16947147
0.62453066 -0.17090844
0.62578223 -0.17234541
0.62703379 -0.17378238
0.62828536 -0.17521934
0.62953692 -0.17665631
0.63078849 -0.17809328
0.63204005 -0.17953025
0.63329161 -0.18096722
0.63454318 -0.18240418
0.63579474 -0.18384115
0.63704631 -0.18527812
0.63829787 -0.18671509
0.63954944 -0.18815205
0.64080100 -0.18958902
0.64205257 -0.19102599
0.64330413 -0.19246296
0.64455569 -0.19389993
0.64580726 -0.19533689
0.64705882 -0.19677386
0.64831039 -0.19821083
0.64956195 -0.19964780
0.65081352 -0.20108476
0.65206508 -0.20252173
0.65331665 -0.20395870
0.65456821 -0.20539567
0.65581977 -0.20683264
0.65707134 -0.20826960
0.65832290 -0.20970657
0.65957447 -0.21114354
0.66082603 -0.21258051
0.66207760 -0.21401747
0.66332916 -0.21545444
0.66458073 -0.21689141
0.66583229 -0.21832838
0.66708385 -0.21976535
0.66833542 -0.22120231
0.66958698 -0.22263928
0.67083855 -0.22407625
0.67209011 -0.22551322
0.67334168 -0.22695018
0.67459324 -0.22838715
0.67584481 -0.22982412
0.67709637 -0.23126109
0.67834793 -0.23269806
0.67959950 -0.23413502
0.68085106 -0.23557199
0.68210263 -0.23700896
0.68335419 -0.23844593
0.68460576 -0.23988289
0.68585732 -0.24131986
0.68710889 -0.24275683
0.68836045 -0.24419380
0.68961202 -0.24563077
0.69086358 -0.24706773
0.69211514 -0.24850470
0.69336671 -0.24994167
0.69461827 -0.25137864
0.69586984 -0.25281560
0.69712140 -0.25425257
0.69837297 -0.25568954
0.69962453 -0.25712651
0.70087610 -0.25856348
0.70212766 -0.26000044
0.70337922 -0.26143741
0.70463079 -0.26287438
0.70588235 -0.26431135
0.70713392 -0.26574831
0.70838548 -0.26718528
0.70963705 -0.26862225
0.71088861 -0.27005922
0.71214018 -0.27149619
0.71339174 -0.27293315
0.71464330 -0.27437012
0.71589487 -0.27580709
0.71714643 -0.27724406
0.71839800 -0.27868102
0.71964956 -0.28011799
0.72090113 -0.28155496
0.72215269 -0.28299193
0.72340426 -0.28442890
0.72465582 -0.28586586
0.72590738 -0.28730283
0.72715895 -0.28873980
0.72841051 -0.29017677
0.72966208 -0.29161373
0.73091364 -0.29305070
0.73216521 -0.29448767
0.73341677 -0.29592464
0.73466834 -0.29736161
0.73591990 -0.29879857
0.73717146 -0.30023554
0.73842303 -0.30167251
0.73967459 -0.30310948
0.74092616 -0.30454644
0.74217772 -0.30598341
0.74342929 -0.30742038
0.74468085 -0.30885735
0.74593242 -0.31029432
0.74718398 -0.31173128
0.74843554 -0.31316825
0.74968711 -0.31460522
0.75093867 -0.31604219
0.75219024 -0.31747915
0.75344180 -0.31891612
0.75469337 -0.32035309
0.75594493 -0.32179006
0.75719650 -0.32322703
0.75844806 -0.32466399
0.75969962 -0.32610096
0.76095119 -0.32753793
0.76220275 -0.32897490
0.76345432 -0.33041186
0.76470588 -0.33184883
0.76595745 -0.33328580
0.76720901 -0.33472277
0.76846058 -0.33615974
0.76971214 -0.33759670
0.77096370 -0.33903367
0.77221527 -0.34047064
0.77346683 -0.34190761
0.77471840 -0.34334457
0.77596996 -0.34478154
0.77722153 -0.34621851
0.77847309 -0.34765548
0.77972466 -0.34909245
0.78097622 -0.35052941
0.78222778 -0.35196638
0.78347935 -0.35340335
0.78473091 -0.35484032
0.78598248 -0.35627728
0.78723404 -0.35771425
0.78848561 -0.35915122
0.78973717 -0.36058819
0.79098874 -0.36202516
0.79224030 -0.36346212
0.79349186 -0.36489909
0.79474343 -0.36633606
0.79599499 -0.36777303
0.79724656 -0.36920999
0.79849812 -0.37064696
0.79974969 -0.37208393
0.80100125 -0.37352090
0.80225282 -0.37495787
0.80350438 -0.37639483
0.80475594 -0.37783180
0.80600751 -0.37926877
0.80725907 -0.38070574
0.80851064 -0.38214270
0.80976220 -0.38357967
0.81101377 -0.38501664
0.81226533 -0.38645361
0.81351690 -0.38789058
0.81476846 -0.38932754
0.81602003 -0.39076451
0.81727159 -0.39220148
0.81852315 -0.39363845
0.81977472 -0.39507541
0.82102628 -0.39651238
0.82227785 -0.39794935
0.82352941 -0.39938632
0.82478098 -0.40082329
0.82603254 -0.40226025
0.82728411 -0.40369722
0.82853567 -0.40513419
0.82978723 -0.40657116
0.83103880 -0.40800812
0.83229036 -0.40944509
0.83354193 -0.41088206
0.83479349 -0.41231903
0.83604506 -0.41375600
0.83729662 -0.41519296
0.83854819 -0.41662993
0.83979975 -0.41806690
0.84105131 -0.41950387
0.84230288 -0.42094083
0.84355444 -0.42237780
0.84480601 -0.42381477
0.84605757 -0.42525174
0.84730914 -0.42668871
0.84856070 -0.42812567
0.84981227 -0.42956264
0.85106383 -0.43099961
0.85231539 -0.43243658
0.85356696 -0.43387354
0.85481852 -0.43531051
0.85607009 -0.43674748
0.85732165 -0.43818445
0.85857322 -0.43962142
0.85982478 -0.44105838
0.86107635 -0.44249535
0.86232791 -0.44393232
0.86357947 -0.44536929
0.86483104 -0.44680625
0.86608260 -0.44824322
0.86733417 -0.44968019
0.86858573 -0.45111716
0.86983730 -0.45255413
0.87108886 -0.45399109
0.87234043 -0.45542806
0.87359199 -0.45686503
0.87484355 -0.45830200
0.87609512 -0.45973896
0.87734668 -0.46117593
0.87859825 -0.46261290
0.87984981 -0.46404987
0.88110138 -0.46548684
0.88235294 -0.46692380
0.88360451 -0.46836077
0.88485607 -0.46979774
0.88610763 -0.47123471
0.88735920 -0.47267167
0.88861076 -0.47410864
0.88986233 -0.47554561
0.89111389 -0.47698258
0.89236546 -0.47841955
0.89361702 -0.47985651
0.89486859 -0.48129348
0.89612015 -0.48273045
0.89737171 -0.48416742
0.89862328 -0.48560438
0.89987484 -0.48704135
0.90112641 -0.48847832
0.90237797 -0.48991529
0.90362954 -0.49135226
0.90488110 -0.49278922
0.90613267 -0.49422619
0.90738423 -0.49566316
0.90863579 -0.49710013
0.90988736 -0.49853709
0.91113892 -0.49997406
0.91239049 -0.50141103
0.91364205 -0.50284800
0.91489362 -0.50428497
0.91614518 -0.50572193
0.91739675 -0.50715890
0.91864831 -0.50859587
0.91989987 -0.51003284
0.92115144 -0.51146980
0.92240300 -0.51290677
0.92365457 -0.51434374
0.92490613 -0.51578071
0.92615770 -0.51721768
0.92740926 -0.51865464
0.92866083 -0.52009161
0.92991239 -0.52152858
0.93116395 -0.52296555
0.93241552 -0.52440251
0.93366708 -0.52583948
0.93491865 -0.52727645
0.93617021 -0.52871342
0.93742178 -0.53015039
0.93867334 -0.53158735
0.93992491 -0.53302432
0.94117647 -0.53446129
0.94242804 -0.53589826
0.94367960 -0.53733522
0.94493116 -0.53877219
0.94618273 -0.54020916
0.94743429 -0.54164613
0.94868586 -0.54308310
0.94993742 -0.54452006
0.95118899 -0.54595703
0.95244055 -0.54739400
0.95369212 -0.54883097
0.95494368 -0.55026793
0.95619524 -0.55170490
0.95744681 -0.55314187
0.95869837 -0.55457884
0.95994994 -0.55601581
0.96120150 -0.55745277
0.96245307 -0.55888974
0.96370463 -0.56032671
0.96495620 -0.56176368
0.96620776 -0.56320064
0.96745932 -0.56463761
0.96871089 -0.56607458
0.96996245 -0.56751155
0.97121402 -0.56894852
0.97246558 -0.57038548
0.97371715 -0.57182245
0.97496871 -0.57325942
0.97622028 -0.57469639
0.97747184 -0.57613335
0.97872340 -0.57757032
0.97997497 -0.57900729
0.98122653 -0.58044426
0.98247810 -0.58188123
0.98372966 -0.58331819
0.98498123 -0.58475516
0.98623279 -0.58619213
0.98748436 -0.58762910
0.98873592 -0.58906606
0.98998748 -0.59050303
0.99123905 -0.59194000
0.99249061 -0.59337697
0.99374218 -0.59481394
0.99499374 -0.59625090
0.99624531 -0.59768787
0.99749687 -0.59912484
0.99874844 -0.60056181
1.00000000 -0.60199877
