0.00000000 -0.00487938
0.00125156 0.00595009
0.00250313 0.01669585
0.00375469 0.02735813
0.00500626 0.03793714
0.00625782 0.04843309
0.00750939 0.05884620
0.00876095 0.06917667
0.01001252 0.07942474
0.01126408 0.08959060
0.01251564 0.09967447
0.01376721 0.10967658
0.01501877 0.11959712
0.01627034 0.12943632
0.01752190 0.13919439
0.01877347 0.14887155
0.02002503 0.15846800
0.02127660 0.16798397
0.02252816 0.17741966
0.02377972 0.18677530
0.02503129 0.19605109
0.02628285 0.20524725
0.02753442 0.21436399
0.02878598 0.22340153
0.03003755 0.23236009
0.03128911 0.24123987
0.03254068 0.25004109
0.03379224 0.25876396
0.03504380 0.26740871
0.03629537 0.27597554
0.03754693 0.28446466
0.03879850 0.29287630
0.04005006 0.30121066
0.04130163 0.30946796
0.04255319 0.31764842
0.04380476 0.32575225
0.04505632 0.33377965
0.04630788 0.34173086
0.04755945 0.34960607
0.04881101 0.35740552
0.05006258 0.36512940
0.05131414 0.37277793
0.05256571 0.38035133
0.05381727 0.38784982
0.05506884 0.39527360
0.05632040 0.40262289
0.05757196 0.40989790
0.05882353 0.41709886
0.06007509 0.42422597
0.06132666 0.43127944
0.06257822 0.43825950
0.06382979 0.44516635
0.06508135 0.45200021
0.06633292 0.45876130
0.06758448 0.46544982
0.06883605 0.47206600
0.07008761 0.47861004
0.07133917 0.48508216
0.07259074 0.49148258
0.07384230 0.49781151
0.07509387 0.50406916
0.07634543 0.51025575
0.07759700 0.51637149
0.07884856 0.52241660
0.08010013 0.52839129
0.08135169 0.53429577
0.08260325 0.54013026
0.08385482 0.54589498
0.08510638 0.55159013
0.08635795 0.55721593
0.08760951 0.56277260
0.08886108 0.56826034
0.09011264 0.57367939
0.09136421 0.57902994
0.09261577 0.58431221
0.09386733 0.58952642
0.09511890 0.59467277
0.09637046 0.59975150
0.09762203 0.60476280
0.09887359 0.60970690
0.10012516 0.61458400
0.10137672 0.61939433
0.10262829 0.62413809
0.10387985 0.62881550
0.10513141 0.63342678
0.10638298 0.63797213
0.10763454 0.64245178
0.10888611 0.64686593
0.11013767 0.65121481
0.11138924 0.65549862
0.11264080 0.65971758
0.11389237 0.66387191
0.11514393 0.66796181
0.11639549 0.67198750
0.11764706 0.67594920
0.11889862 0.67984712
0.12015019 0.68368148
0.12140175 0.68745248
0.12265332 0.69116035
0.12390488 0.69480530
0.12515645 0.69838753
0.12640801 0.70190728
0.12765957 0.70536474
0.12891114 0.70876014
0.13016270 0.71209368
0.13141427 0.71536559
0.13266583 0.71857608
0.13391740 0.72172535
0.13516896 0.72481363
0.13642053 0.72784113
0.13767209 0.73080807
0.13892365 0.73371465
0.14017522 0.73656109
0.14142678 0.73934761
0.14267835 0.74207442
0.14392991 0.74474174
0.14518148 0.74734977
0.14643304 0.74989874
0.14768461 0.75238885
0.14893617 0.75482033
0.15018773 0.75719338
0.15143930 0.75950822
0.15269086 0.76176506
0.15394243 0.76396413
0.15519399 0.76610562
0.15644556 0.76818976
0.15769712 0.77021677
0.15894869 0.77218684
0.16020025 0.77410021
0.16145181 0.77595708
0.16270338 0.77775767
0.16395494 0.77950219
0.16520651 0.78119086
0.16645807 0.78282388
0.16770964 0.78440148
0.16896120 0.78592387
0.17021277 0.78739127
0.17146433 0.78880387
0.17271589 0.79016192
0.17396746 0.79146560
0.17521902 0.79271515
0.17647059 0.79391077
0.17772215 0.79505267
0.17897372 0.79614108
0.18022528 0.79717621
0.18147685 0.79815827
0.18272841 0.79908747
0.18397997 0.79996403
0.18523154 0.80078817
0.18648310 0.80156009
0.18773467 0.80228001
0.18898623 0.80294815
0.19023780 0.80356472
0.19148936 0.80412993
0.19274093 0.80464401
0.19399249 0.80510715
0.19524406 0.80551958
0.19649562 0.80588151
0.19774718 0.80619316
0.19899875 0.80645474
0.20025031 0.80666646
0.20150188 0.80682854
0.20275344 0.80694119
0.20400501 0.80700463
0.20525657 0.80701907
0.20650814 0.80698472
0.20775970 0.80690180
0.20901126 0.80677053
0.21026283 0.80659111
0.21151439 0.80636376
0.21276596 0.80608870
0.21401752 0.80576614
0.21526909 0.80539630
0.21652065 0.80497938
0.21777222 0.80451560
0.21902378 0.80400519
0.22027534 0.80344834
0.22152691 0.80284528
0.22277847 0.80219621
0.22403004 0.80150136
0.22528160 0.80076094
0.22653317 0.79997516
0.22778473 0.79914424
0.22903630 0.79826838
0.23028786 0.79734781
0.23153942 0.79638274
0.23279099 0.79537339
0.23404255 0.79431996
0.23529412 0.79322267
0.23654568 0.79208173
0.23779725 0.79089737
0.23904881 0.78966979
0.24030038 0.78839921
0.24155194 0.78708584
0.24280350 0.78572990
0.24405507 0.78433160
0.24530663 0.78289115
0.24655820 0.78140877
0.24780976 0.77988468
0.24906133 0.77831908
0.25031289 0.77671220
0.25156446 0.77506424
0.25281602 0.77337542
0.25406758 0.77164596
0.25531915 0.76987606
0.25657071 0.76806595
0.25782228 0.76621583
0.25907384 0.76432593
0.26032541 0.76239645
0.26157697 0.76042761
0.26282854 0.75841963
0.26408010 0.75637271
0.26533166 0.75428707
0.26658323 0.75216293
0.26783479 0.75000051
0.26908636 0.74780000
0.27033792 0.74556164
0.27158949 0.74328563
0.27284105 0.74097218
0.27409262 0.73862152
0.27534418 0.73623385
0.27659574 0.73380940
0.27784731 0.73134837
0.27909887 0.72885097
0.28035044 0.72631743
0.28160200 0.72374796
0.28285357 0.72114277
0.28410513 0.71850207
0.28535670 0.71582608
0.28660826 0.71311501
0.28785982 0.71036909
0.28911139 0.70758851
0.29036295 0.70477350
0.29161452 0.70192428
0.29286608 0.69904104
0.29411765 0.69612402
0.29536921 0.69317342
0.29662078 0.69018945
0.29787234 0.68717234
0.29912390 0.68412229
0.30037547 0.68103953
0.30162703 0.67792425
0.30287860 0.67477669
0.30413016 0.67159705
0.30538173 0.66838554
0.30663329 0.66514239
0.30788486 0.66186780
0.30913642 0.65856199
0.31038798 0.65522517
0.31163955 0.65185756
0.31289111 0.64845937
0.31414268 0.64503082
0.31539424 0.64157212
0.31664581 0.63808349
0.31789737 0.63456513
0.31914894 0.63101726
0.32040050 0.62744011
0.32165207 0.62383387
0.32290363 0.62019877
0.32415519 0.61653502
0.32540676 0.61284283
0.32665832 0.60912242
0.32790989 0.60537401
0.32916145 0.60159780
0.33041302 0.59779401
0.33166458 0.59396285
0.33291615 0.59010455
0.33416771 0.58621931
0.33541927 0.58230734
0.33667084 0.57836887
0.33792240 0.57440410
0.33917397 0.57041326
0.34042553 0.56639654
0.34167710 0.56235418
0.34292866 0.55828638
0.34418023 0.55419336
0.34543179 0.55007532
0.34668335 0.54593250
0.34793492 0.54176509
0.34918648 0.53757332
0.35043805 0.53335739
0.35168961 0.52911753
0.35294118 0.52485394
0.35419274 0.52056684
0.35544431 0.51625645
0.35669587 0.51192298
0.35794743 0.50756664
0.35919900 0.50318764
0.36045056 0.49878621
0.36170213 0.49436256
0.36295369 0.48991689
0.36420526 0.48544943
0.36545682 0.48096039
0.36670839 0.47644998
0.36795995 0.47191842
0.36921151 0.46736591
0.37046308 0.46279269
0.37171464 0.45819895
0.37296621 0.45358491
0.37421777 0.44895080
0.37546934 0.44429681
0.37672090 0.43962318
0.37797247 0.43493010
0.37922403 0.43021780
0.38047559 0.42548648
0.38172716 0.42073637
0.38297872 0.41596768
0.38423029 0.41118061
0.38548185 0.40637540
0.38673342 0.40155224
0.38798498 0.39671136
0.38923655 0.39185296
0.39048811 0.38697727
0.39173967 0.38208450
0.39299124 0.37717485
0.39424280 0.37224855
0.39549437 0.36730581
0.39674593 0.36234684
0.39799750 0.35737186
0.39924906 0.35238109
0.40050063 0.34737473
0.40175219 0.34235299
0.40300375 0.33731611
0.40425532 0.33226428
0.40550688 0.32719772
0.40675845 0.32211666
0.40801001 0.31702129
0.40926158 0.31191184
0.41051314 0.30678852
0.41176471 0.30165154
0.41301627 0.29650112
0.41426783 0.29133747
0.41551940 0.28616081
0.41677096 0.28097135
0.41802253 0.27576931
0.41927409 0.27055489
0.42052566 0.26532832
0.42177722 0.26008980
0.42302879 0.25483956
0.42428035 0.24957780
0.42553191 0.24430474
0.42678348 0.23902060
0.42803504 0.23372558
0.42928661 0.22841991
0.43053817 0.22310379
0.43178974 0.21777745
0.43304130 0.21244109
0.43429287 0.20709493
0.43554443 0.20173919
0.43679599 0.19637407
0.43804756 0.19099979
0.43929912 0.18561657
0.44055069 0.18022463
0.44180225 0.17482416
0.44305382 0.16941540
0.44430538 0.16399854
0.44555695 0.15857382
0.44680851 0.15314144
0.44806008 0.14770161
0.44931164 0.14225455
0.45056320 0.13680048
0.45181477 0.13133960
0.45306633 0.12587214
0.45431790 0.12039831
0.45556946 0.11491831
0.45682103 0.10943237
0.45807259 0.10394070
0.45932416 0.09844351
0.46057572 0.09294103
0.46182728 0.08743345
0.46307885 0.08192100
0.46433041 0.07640389
0.46558198 0.07088233
0.46683354 0.06535654
0.46808511 0.05982674
0.46933667 0.05429313
0.47058824 0.04875594
0.47183980 0.04321537
0.47309136 0.03767164
0.47434293 0.03212496
0.47559449 0.02657555
0.47684606 0.02102363
0.47809762 0.01546940
0.47934919 0.00991308
0.48060075 0.00435489
0.48185232 -0.00120497
0.48310388 -0.00676627
0.48435544 -0.01232880
0.48560701 -0.01789235
0.48685857 -0.02345671
0.48811014 -0.02902165
0.48936170 -0.03458697
0.49061327 -0.04015245
0.49186483 -0.04571788
0.49311640 -0.05128304
0.49436796 -0.05684772
0.49561952 -0.06241171
0.49687109 -0.06797479
0.49812265 -0.07353674
0.49937422 -0.07909735
0.50062578 -0.08465641
0.50187735 -0.09021371
0.50312891 -0.09576902
0.50438048 -0.10132214
0.50563204 -0.10687285
0.50688360 -0.11242094
0.50813517 -0.11796619
0.50938673 -0.12350839
0.51063830 -0.12904732
0.51188986 -0.13458277
0.51314143 -0.14011453
0.51439299 -0.14564238
0.51564456 -0.15116611
0.51689612 -0.15668550
0.51814768 -0.16220034
0.51939925 -0.16771041
0.52065081 -0.17321551
0.52190238 -0.17871541
0.52315394 -0.18420990
0.52440551 -0.18969877
0.52565707 -0.19518181
0.52690864 -0.20065879
0.52816020 -0.20612951
0.52941176 -0.21159375
0.53066333 -0.21705130
0.53191489 -0.22250194
0.53316646 -0.22794546
0.53441802 -0.23338164
0.53566959 -0.23881027
0.53692115 -0.24423114
0.53817272 -0.24964403
0.53942428 -0.25504873
0.54067584 -0.26044502
0.54192741 -0.26583269
0.54317897 -0.27121153
0.54443054 -0.27658131
0.54568210 -0.28194184
0.54693367 -0.28729288
0.54818523 -0.29263423
0.54943680 -0.29796568
0.55068836 -0.30328701
0.55193992 -0.30859800
0.55319149 -0.31389844
0.55444305 -0.31918812
0.55569462 -0.32446682
0.55694618 -0.32973434
0.55819775 -0.33499044
0.55944931 -0.34023493
0.56070088 -0.34546758
0.56195244 -0.35068819
0.56320401 -0.35589653
0.56445557 -0.36109239
0.56570713 -0.36627557
0.56695870 -0.37144584
0.56821026 -0.37660299
0.56946183 -0.38174681
0.57071339 -0.38687708
0.57196496 -0.39199359
0.57321652 -0.39709612
0.57446809 -0.40218446
0.57571965 -0.40725840
0.57697121 -0.41231772
0.57822278 -0.41736220
0.57947434 -0.42239164
0.58072591 -0.42740582
0.58197747 -0.43240452
0.58322904 -0.43738754
0.58448060 -0.44235464
0.58573217 -0.44730564
0.58698373 -0.45224030
0.58823529 -0.45715841
0.58948686 -0.46205976
0.59073842 -0.46694414
0.59198999 -0.47181133
0.59324155 -0.47666111
0.59449312 -0.48149328
0.59574468 -0.48630762
0.59699625 -0.49110391
0.59824781 -0.49588194
0.59949937 -0.50064149
0.60075094 -0.50538236
0.60200250 -0.51010433
0.60325407 -0.51480717
0.60450563 -0.51949069
0.60575720 -0.52415466
0.60700876 -0.52879888
0.60826033 -0.53342312
0.60951189 -0.53802717
0.61076345 -0.54261082
0.61201502 -0.54717385
0.61326658 -0.55171605
0.61451815 -0.55623721
0.61576971 -0.56073711
0.61702128 -0.56521553
0.61827284 -0.56967227
0.61952441 -0.57410711
0.62077597 -0.57851983
0.62202753 -0.58291022
0.62327910 -0.58727807
0.62453066 -0.59162316
0.62578223 -0.59594528
0.62703379 -0.60024421
0.62828536 -0.60451974
0.62953692 -0.60877165
0.63078849 -0.61299974
0.63204005 -0.61720378
0.63329161 -0.62138356
0.63454318 -0.62553888
0.63579474 -0.62966950
0.63704631 -0.63377523
0.63829787 -0.63785584
0.63954944 -0.64191112
0.64080100 -0.64594086
0.64205257 -0.64994485
0.64330413 -0.65392286
0.64455569 -0.65787468
0.64580726 -0.66180011
0.64705882 -0.66569892
0.64831039 -0.66957091
0.64956195 -0.67341585
0.65081352 -0.67723353
0.65206508 -0.68102375
0.65331665 -0.68478628
0.65456821 -0.68852091
0.65581977 -0.69222743
0.65707134 -0.69590562
0.65832290 -0.69955527
0.65957447 -0.70317616
0.66082603 -0.70676808
0.66207760 -0.71033082
0.66332916 -0.71386416
0.66458073 -0.71736789
0.66583229 -0.72084179
0.66708385 -0.72428564
0.66833542 -0.72769925
0.66958698 -0.73108238
0.67083855 -0.73443483
0.67209011 -0.73775638
0.67334168 -0.74104682
0.67459324 -0.74430594
0.67584481 -0.74753351
0.67709637 -0.75072933
0.67834793 -0.75389318
0.67959950 -0.75702484
0.68085106 -0.76012411
0.68210263 -0.76319077
0.68335419 -0.76622460
0.68460576 -0.76922539
0.68585732 -0.77219293
0.68710889 -0.77512700
0.68836045 -0.77802739
0.68961202 -0.78089388
0.69086358 -0.78372626
0.69211514 -0.78652431
0.69336671 -0.78928782
0.69461827 -0.79201659
0.69586984 -0.79471038
0.69712140 -0.79736899
0.69837297 -0.79999220
0.69962453 -0.80257981
0.70087610 -0.80513159
0.70212766 -0.80764733
0.70337922 -0.81012682
0.70463079 -0.81256984
0.70588235 -0.81497618
0.70713392 -0.81734562
0.70838548 -0.81967796
0.70963705 -0.82197297
0.71088861 -0.82423044
0.71214018 -0.82645016
0.71339174 -0.82863191
0.71464330 -0.83077548
0.71589487 -0.83288066
0.71714643 -0.83494723
0.71839800 -0.83697497
0.71964956 -0.83896368
0.72090113 -0.84091313
0.72215269 -0.84282312
0.72340426 -0.84469343
0.72465582 -0.84652384
0.72590738 -0.84831415
0.72715895 -0.85006413
0.72841051 -0.85177358
0.72966208 -0.85344227
0.73091364 -0.85507000
0.73216521 -0.85665655
0.73341677 -0.85820171
0.73466834 -0.85970526
0.73591990 -0.86116698
0.73717146 -0.86258667
0.73842303 -0.86396411
0.73967459 -0.86529908
0.74092616 -0.86659138
0.74217772 -0.86784078
0.74342929 -0.86904707
0.74468085 -0.87021004
0.74593242 -0.87132948
0.74718398 -0.87240516
0.74843554 -0.87343689
0.74968711 -0.87442443
0.75093867 -0.87536758
0.75219024 -0.87626612
0.75344180 -0.87711985
0.75469337 -0.87792853
0.75594493 -0.87869197
0.75719650 -0.87940994
0.75844806 -0.88008224
0.75969962 -0.88070865
0.76095119 -0.88128894
0.76220275 -0.88182292
0.76345432 -0.88231036
0.76470588 -0.88275106
0.76595745 -0.88314479
0.76720901 -0.88349134
0.76846058 -0.88379050
0.76971214 -0.88404206
0.77096370 -0.88424580
0.77221527 -0.88440150
0.77346683 -0.88450895
0.77471840 -0.88456794
0.77596996 -0.88457826
0.77722153 -0.88453968
0.77847309 -0.88445200
0.77972466 -0.88431500
0.78097622 -0.88412846
0.78222778 -0.88389218
0.78347935 -0.88360594
0.78473091 -0.88326952
0.78598248 -0.88288271
0.78723404 -0.88244529
0.78848561 -0.88195706
0.78973717 -0.88141779
0.79098874 -0.88082728
0.79224030 -0.88018530
0.79349186 -0.87949165
0.79474343 -0.87874611
0.79599499 -0.87794847
0.79724656 -0.87709851
0.79849812 -0.87619601
0.79974969 -0.87524077
0.80100125 -0.87423257
0.80225282 -0.87317119
0.80350438 -0.87205642
0.80475594 -0.87088805
0.80600751 -0.86966587
0.80725907 -0.86838965
0.80851064 -0.86705918
0.80976220 -0.86567426
0.81101377 -0.86423466
0.81226533 -0.86274017
0.81351690 -0.86119058
0.81476846 -0.85958567
0.81602003 -0.85792523
0.81727159 -0.85620905
0.81852315 -0.85443690
0.81977472 -0.85260858
0.82102628 -0.85072388
0.82227785 -0.84878257
0.82352941 -0.84678445
0.82478098 -0.84472929
0.82603254 -0.84261689
0.82728411 -0.84044703
0.82853567 -0.83821950
0.82978723 -0.83593408
0.83103880 -0.83359056
0.83229036 -0.83118872
0.83354193 -0.82872835
0.83479349 -0.82620924
0.83604506 -0.82363117
0.83729662 -0.82099393
0.83854819 -0.81829730
0.83979975 -0.81554107
0.84105131 -0.81272503
0.84230288 -0.80984895
0.84355444 -0.80691263
0.84480601 -0.80391586
0.84605757 -0.80085841
0.84730914 -0.79774007
0.84856070 -0.79456064
0.84981227 -0.79131989
0.85106383 -0.78801761
0.85231539 -0.78465359
0.85356696 -0.78122761
0.85481852 -0.77773946
0.85607009 -0.77418892
0.85732165 -0.77057579
0.85857322 -0.76689984
0.85982478 -0.76316086
0.86107635 -0.75935864
0.86232791 -0.75549296
0.86357947 -0.75156361
0.86483104 -0.74757038
0.86608260 -0.74351305
0.86733417 -0.73939140
0.86858573 -0.73520523
0.86983730 -0.73095431
0.87108886 -0.72663844
0.87234043 -0.72225740
0.87359199 -0.71781097
0.87484355 -0.71329895
0.87609512 -0.70872111
0.87734668 -0.70407724
0.87859825 -0.69936714
0.87984981 -0.69459058
0.88110138 -0.68974734
0.88235294 -0.68483723
0.88360451 -0.67986001
0.88485607 -0.67481549
0.88610763 -0.66970344
0.88735920 -0.66452364
0.88861076 -0.65927589
0.88986233 -0.65395998
0.89111389 -0.64857568
0.89236546 -0.64312278
0.89361702 -0.63760107
0.89486859 -0.63201033
0.89612015 -0.62635036
0.89737171 -0.62062093
0.89862328 -0.61482183
0.89987484 -0.60895285
0.90112641 -0.60301377
0.90237797 -0.59700438
0.90362954 -0.59092446
0.90488110 -0.58477381
0.90613267 -0.57855220
0.90738423 -0.57225943
0.90863579 -0.56589527
0.90988736 -0.55945951
0.91113892 -0.55295195
0.91239049 -0.54637236
0.91364205 -0.53972053
0.91489362 -0.53299625
0.91614518 -0.52619930
0.91739675 -0.51932947
0.91864831 -0.51238654
0.91989987 -0.50537030
0.92115144 -0.49828054
0.92240300 -0.49111704
0.92365457 -0.48387959
0.92490613 -0.47656797
0.92615770 -0.46918197
0.92740926 -0.46172138
0.92866083 -0.45418597
0.92991239 -0.44657554
0.93116395 -0.43888988
0.93241552 -0.43112876
0.93366708 -0.42329198
0.93491865 -0.41537931
0.93617021 -0.40739055
0.93742178 -0.39932549
0.93867334 -0.39118390
0.93992491 -0.38296557
0.94117647 -0.37467029
0.94242804 -0.36629784
0.94367960 -0.35784802
0.94493116 -0.34932060
0.94618273 -0.34071537
0.94743429 -0.33203212
0.94868586 -0.32327064
0.94993742 -0.31443070
0.95118899 -0.30551210
0.95244055 -0.29651462
0.95369212 -0.28743804
0.95494368 -0.27828216
0.95619524 -0.26904676
0.95744681 -0.25973162
0.95869837 -0.25033653
0.95994994 -0.24086127
0.96120150 -0.23130564
0.96245307 -0.22166941
0.96370463 -0.21195238
0.96495620 -0.20215433
0.96620776 -0.19227504
0.96745932 -0.18231430
0.96871089 -0.17227189
0.96996245 -0.16214761
0.97121402 -0.15194124
0.97246558 -0.14165256
0.97371715 -0.13128136
0.97496871 -0.12082742
0.97622028 -0.11029054
0.97747184 -0.09967049
0.97872340 -0.08896706
0.97997497 -0.07818005
0.98122653 -0.06730922
0.98247810 -0.05635438
0.98372966 -0.04531530
0.98498123 -0.03419178
0.98623279 -0.02298359
0.98748436 -0.01169052
0.98873592 -0.00031237
0.98998748 0.01115110
0.99123905 0.02270008
0.99249061 0.03433479
0.99374218 0.04605546
0.99499374 0.05786228
0.99624531 0.06975548
0.99749687 0.08173527
0.99874844 0.09380187
1.00000000 0.10595549
